98.61736	803103	679563	16.4	
98.70145	764114	645069	15.5	
98.70217	2952629	616890	65.6	
98.78635	3345570	620076	74.6	
98.87176	12829975	625049	291.8	
107.08932	357346	579493	6.2	
107.89192	336226	747093	5.7	
108.27718	328877	646794	5.5	
108.61275	373601	480604	6.6	
109.00905	330065	570036	5.6	
109.47407	348563	522367	6.0	
109.52431	350976	515273	6.0	
110.14510	340586	512044	5.8	
110.58750	327797	470085	5.5	
111.53744	332105	675875	5.6	
111.73801	346317	505285	5.9	
111.89710	328498	541485	5.5	
112.17310	342517	519165	5.8	
112.41905	351387	468818	6.0	
112.99087	331464	591058	5.6	
113.00790	355779	630084	6.1	
113.82564	346065	508849	5.9	
114.66002	349001	537695	6.0	
114.91607	334694	427768	5.7	
115.09984	366118	542999	6.4	
115.72351	335570	657113	5.7	
115.79272	331534	491485	5.6	
116.29415	332761	613133	5.6	
117.09580	397159	586342	7.1	
117.44532	355027	537315	6.1	
117.50841	331552	511326	5.6	
117.91330	339659	532507	5.8	
118.57938	330936	550036	5.6	
118.85897	334259	464750	5.7	
118.88607	335565	508146	5.7	
119.45304	329371	575507	5.5	
119.77578	335511	566713	5.7	
119.90226	335342	542426	5.7	
120.01780	342605	412743	5.8	
122.25006	329552	548462	5.5	
122.89062	335493	495865	5.7	
123.40246	343922	371753	5.9	
123.49692	348607	478772	6.0	
123.98923	357599	423773	6.2	
125.47871	339087	444116	5.8	
126.27925	348072	550244	6.0	
126.52672	329809	397026	5.6	
126.65235	342071	489015	5.8	
126.73646	341572	492543	5.8	
127.24544	329039	517921	5.5	
127.36514	330989	582814	5.6	
128.17544	358955	486671	6.2	
128.99363	336952	514364	5.7	
129.76295	334828	527310	5.7	
129.83916	331146	423130	5.6	
129.99239	348072	504008	6.0	
130.01632	366826	403786	6.4	
132.21232	418239	463061	7.6	
132.40880	394916	539708	7.0	
132.65041	357009	396505	6.2	
134.11676	343063	460885	5.9	
134.57808	388588	350388	6.9	
134.73783	389749	432599	6.9	
135.02356	370936	617726	6.5	
135.72970	377786	454464	6.7	
135.82900	394021	351362	7.0	
136.80381	331937	428880	5.6	
138.33693	341321	478414	5.8	
138.74405	338923	366840	5.8	
139.18926	377878	435883	6.7	
139.26953	349459	485890	6.0	
139.46689	361278	431549	6.3	
140.43384	397855	459517	7.1	
142.05773	373009	356011	6.5	
142.37326	385156	512664	6.8	
142.40257	335976	368370	5.7	
143.09807	344537	434182	5.9	
143.47608	372838	358856	6.5	
145.14804	334489	337559	5.6	
146.63218	558523	562875	10.7	
146.63255	369891	690167	6.4	
146.75786	789808	448896	16.0	
146.88195	382740	508696	6.7	
147.08160	327353	339161	5.5	
147.35230	346532	395903	5.9	
147.85329	343322	425298	5.8	
149.58736	337116	300251	5.7	
149.78036	334976	382611	5.6	
149.98692	874089	451591	17.9	
150.98504	328715	245884	5.5	
151.97877	392904	522950	6.9	
152.09074	328749	466824	5.5	
152.32454	336872	359938	5.7	
152.88718	358530	467680	6.1	
153.95429	350223	407666	6.0	
153.95488	351519	333668	6.0	
155.05235	369375	401365	6.4	
156.45987	397683	432883	7.0	
157.95926	330985	333841	5.5	
159.33402	330119	332954	5.5	
159.84055	377466	529814	6.5	
160.38380	337924	424009	5.6	
160.61445	340571	405889	5.7	
161.25109	333692	343164	5.5	
163.25984	343364	262793	5.7	
166.63638	338347	322966	5.6	
168.23577	367820	403927	6.3	
168.85705	350868	434270	5.9	
168.98146	1533662	388044	32.4	
169.81337	349892	309029	5.8	
172.81043	346116	260104	5.7	
174.98009	347077	354846	5.7	
175.13212	336763	387081	5.5	
175.53882	329870	307853	5.3	
175.84830	359297	327276	6.0	
176.01380	385400	421178	6.6	
176.89046	340341	361973	5.6	
176.91717	391488	315154	6.7	
177.92497	1880114	360862	39.8	
178.85677	354623	345294	5.9	
178.96719	341441	353459	5.6	
180.88438	334027	365273	5.4	
180.98145	5603468	340982	122.3	
182.40872	332103	194418	5.4	
182.52873	335567	342539	5.4	
183.28726	334616	384706	5.4	
184.16696	334445	327847	5.4	
189.57516	340679	392504	5.5	
191.01996	1094155	334098	22.1	
191.49652	333276	404292	5.3	
192.33210	374018	359614	6.2	
193.03564	446075	390102	7.8	
193.59463	365286	330323	6.0	
193.62267	349993	271229	5.7	
193.94367	1209306	339989	24.5	
194.01308	2151969	324055	45.2	
194.13194	340286	375325	5.5	
194.27670	336845	357227	5.4	
194.29008	354590	380921	5.8	
194.92768	1283201	331745	26.1	
196.58984	351521	411937	5.7	
196.73911	333152	375990	5.3	
197.32022	361342	367642	5.9	
202.98958	3632734	310765	76.9	
203.62109	337834	243658	5.3	
203.99301	377802	321104	6.2	
203.99746	577515	338047	10.5	
204.19556	337200	260796	5.3	
204.98535	367078	379733	6.0	
205.00522	4004152	299905	84.9	
205.15671	337656	366018	5.3	
205.94366	2208478	305875	46.0	
205.98925	692867	329451	13.0	
206.14899	356252	224491	5.7	
206.99708	617168	333984	11.4	
207.15264	343977	248868	5.4	
207.61133	339683	371883	5.3	
208.89086	362845	296127	5.8	
209.26736	334982	315905	5.2	
209.91469	518509	269594	9.2	
209.98081	362804	262962	5.8	
210.92255	374250	338386	6.1	
210.98214	333928	209554	5.2	
211.03398	1697478	308669	34.6	
211.64114	367824	264834	5.9	
213.07796	349315	270642	5.5	
213.84265	375189	293523	6.1	
217.06604	654768	317029	12.1	
218.83762	338908	289753	5.3	
219.99234	590407	279275	10.6	
221.35158	354942	211481	5.6	
222.00795	3351387	280767	69.7	
222.99188	436449	321314	7.3	
224.00384	349594	354356	5.4	
226.78739	336071	355563	5.1	
226.98689	1482523	271282	29.6	
228.92306	403102	247814	6.5	
229.01042	352415	215355	5.5	
230.03618	354365	215889	5.5	
230.08365	337697	206445	5.2	
231.90608	338276	201160	5.2	
233.95078	389208	269763	6.2	
234.20752	357017	249648	5.5	
235.95418	793669	272919	14.7	
236.99510	441829	273446	7.3	
237.05512	335762	216387	5.1	
237.28940	363440	270981	5.7	
237.60922	346221	321382	5.3	
238.00280	1111168	289256	21.4	
238.23420	363205	220570	5.6	
238.50747	396094	246767	6.3	
240.01847	971892	259666	18.4	
243.75149	382309	207425	6.0	
244.42681	351261	280933	5.3	
244.97161	344506	192556	5.2	
245.75640	391819	265283	6.1	
246.07764	352469	272303	5.3	
246.49228	617590	274460	10.8	
246.73969	337906	215669	5.0	
247.50018	773447	265434	14.1	
247.96667	460332	300109	7.6	
248.19744	391758	274782	6.1	
249.17086	1445803	261333	28.1	
250.31111	355827	297135	5.4	
250.56571	364918	291548	5.5	
254.98175	1251806	253496	23.8	
254.99368	375935	227629	5.8	
255.40769	338668	273502	5.0	
255.49757	7544579	244124	153.7	
255.95925	1181988	250616	22.4	
255.99753	5556775	247546	112.7	
255.99888	993446	199163	18.5	
256.33192	753470	239457	13.5	
256.49545	738282	273809	13.2	
256.49949	376618	296482	5.8	
256.50542	3485258	249045	69.9	
256.66277	551765	239964	9.3	
256.96709	1709291	251610	33.0	
256.99703	372565	185078	5.6	
257.00698	484270	304448	7.9	
258.48324	378604	177647	5.8	
259.68925	350118	264958	5.2	
259.96676	376409	237085	5.7	
260.35836	337379	239709	4.9	
261.96972	441422	233204	7.0	
262.00996	340625	251565	5.0	
262.98688	514113	301172	8.5	
263.51609	340259	144616	4.9	
263.99896	1465410	248659	27.8	
264.02263	343827	262038	5.0	
266.87565	356102	272699	5.2	
266.94878	713595	274853	12.5	
267.48931	7306780	230136	146.4	
267.74016	2062891	238760	39.9	
267.94544	392888	212560	6.0	
267.98829	1909563	235019	36.8	
267.98998	434571	251800	6.8	
268.06095	373423	213730	5.6	
268.23801	359914	273109	5.3	
268.23923	395082	343917	6.0	
268.43072	358149	267920	5.3	
268.48925	348457	187502	5.1	
268.87225	350640	227582	5.1	
269.47241	6683540	210949	133.7	
269.47472	5693588	189300	113.6	
269.47720	2843284	245459	55.7	
270.97657	576269	269108	9.6	
271.95398	503814	256501	8.2	
271.98193	368200	212749	5.4	
272.48173	340884	169653	4.9	
272.92181	2083294	229594	40.0	
272.96189	456320	301795	7.2	
272.99230	3374690	231015	66.0	
273.01725	583811	252525	9.8	
273.27503	8538994	234091	169.9	
273.27637	785778	311026	13.8	
273.52591	2567808	237132	49.7	
273.77396	1401742	210737	26.2	
273.77647	416942	173437	6.4	
273.96971	505817	273210	8.2	
274.07899	372272	204886	5.5	
274.89679	5185998	231096	102.4	
274.89817	529230	441139	8.7	
275.89640	540581	244197	8.9	
276.04725	410062	228986	6.3	
276.75699	350845	160660	5.0	
276.88872	441948	257816	6.9	
276.99677	348002	254923	5.0	
277.93852	347269	249251	5.0	
279.37287	582914	226193	9.7	
279.70721	398644	255183	6.0	
282.74828	344218	184744	4.9	
282.99810	352639	207850	5.1	
283.51051	474425	227175	7.5	
283.64924	343824	258630	4.9	
283.95400	457712	259147	7.2	
286.97459	1046407	225665	18.7	
287.47835	475712	249496	7.4	
288.37197	342443	225880	4.8	
288.95699	514984	250185	8.2	
289.08646	1080622	215819	19.4	
290.02098	361451	170671	5.2	
290.10486	350079	213562	5.0	
290.26835	2053223	209327	38.6	
290.27014	437991	260123	6.7	
290.51914	1630579	232655	30.3	
290.52071	363059	357556	5.2	
290.76714	357183	267431	5.1	
290.76930	474015	167775	7.4	
290.77044	420327	226148	6.3	
290.92048	370758	285731	5.4	
290.94739	2560135	224577	48.6	
290.96873	472552	258262	7.4	
291.00290	868234	230929	15.2	
291.01811	531851	237401	8.6	
291.03429	1497867	214323	27.6	
291.11870	350087	154109	5.0	
291.14500	1448209	213392	26.7	
291.16043	595569	250255	9.8	
291.19668	394723	181775	5.8	
291.20972	13106964	213080	257.0	
291.21733	374196	243108	5.4	
291.27095	361367	261271	5.2	
291.28528	752247	208632	12.9	
291.50810	2413090	206853	45.7	
291.67653	846058	221627	14.8	
291.94676	403303	211112	6.0	
291.98117	580216	259289	9.5	
292.01108	440954	286520	6.8	
292.19195	618530	234357	10.2	
292.21308	2933571	217734	55.4	
292.25636	6651717	208705	128.2	
292.26545	857414	222256	14.8	
292.50251	442177	208693	6.7	
292.50558	353745	227198	5.0	
292.50726	2036561	219331	37.9	
292.51138	748177	196351	12.7	
292.51629	440769	189775	6.7	
292.75541	1598941	198068	29.3	
292.76029	16897884	209543	328.6	
292.76935	1433565	220333	26.1	
292.89153	7163235	210644	138.2	
292.93804	789669	225609	13.5	
293.00629	25969512	209434	506.1	
293.01113	6305641	215857	121.4	
293.10644	346077	257379	4.8	
293.13931	394415	238366	5.8	
293.16066	437968	259569	6.6	
293.17591	49156976	210559	959.6	
293.19387	397809	352176	5.8	
293.20678	5275506	218493	101.3	
293.26412	2398061312	212421	46906.6	
293.30918	386103	484805	5.6	
293.34613	645560	216180	10.7	
293.37633	1072762	208155	19.0	
293.48823	374719	464719	5.4	
293.51504	692683648	221833	13547.7	
293.76313	595198848	204294	11640.8	
293.76503	178267024	174459	3485.1	
293.89106	1444626	206656	26.3	
294.01400	174752656	214775	3416.4	
294.01593	52837272	192288	1031.6	
294.02496	708440	246229	11.9	
294.13478	1175453	222201	21.1	
294.17926	7313311	213347	141.1	
294.21022	998945	227825	17.6	
294.26210	40666020	199607	793.5	
294.26399	27108258	185197	528.3	
294.26512	16825764	187990	327.2	
294.26722	4769187	190973	91.3	
294.51293	13512623	209493	262.4	
294.51498	10901423	209127	211.3	
294.51647	3087279	188127	58.4	
294.53819	1247920	211348	22.5	
294.76098	1781690	204175	32.9	
294.76295	2613050	183569	49.2	
294.76425	1546938	232001	28.3	
294.76610	1049658	222496	18.6	
294.77515	482843	185996	7.5	
294.88844	774272	216915	13.2	
294.89620	1285248	195312	23.2	
294.89922	4011968	210577	76.5	
294.90088	407744	432432	6.0	
294.97309	561636	251992	9.0	
294.98391	557828	188144	9.0	
295.01201	495686	208320	7.8	
295.01400	843910	243968	14.6	
295.09714	469546	268544	7.2	
295.12207	686347	215730	11.5	
295.13992	384459	246605	5.6	
295.15499	620748	213877	10.2	
295.15839	1022348	206201	18.1	
295.18039	435261	175453	6.6	
295.18265	572365	201104	9.3	
295.19159	602030	227201	9.8	
295.22786	1215120	224272	21.8	
295.26472	964177	162484	16.9	
295.47593	1731163	217186	31.9	
295.51565	386365	264127	5.6	
295.53776	507518	235683	8.0	
295.54686	487838	211089	7.6	
295.76020	667432	200258	11.1	
295.78677	975081	225627	17.1	
296.00628	6224371	206838	119.8	
296.01498	398756	211021	5.9	
296.25717	343103	221417	4.8	
296.47368	381305	223167	5.5	
296.48383	548361	188021	8.8	
296.54054	344860	236465	4.8	
297.68008	349215	261032	4.9	
298.03052	990031	195436	17.4	
298.04218	536240	251140	8.5	
298.51588	1944677	212473	36.1	
299.01773	470556	169281	7.3	
299.04990	1696765	200588	31.2	
299.55168	519572	211621	8.2	
299.94894	561253	235064	9.0	
300.02179	422617	194258	6.3	
300.95203	343666	248012	4.7	
300.95685	1605202	214245	29.1	
301.96466	5369599	203952	102.0	
302.01572	342721	169803	4.7	
302.96815	545963	201211	8.6	
302.97248	3654955	204481	68.8	
303.68341	583690	247358	9.4	
303.96045	480951	196148	7.4	
303.98013	467959	230547	7.1	
304.76549	1589498	207330	28.8	
304.88193	351375	217736	4.9	
304.96836	503778	243998	7.8	
304.98809	412835	209801	6.1	
305.01644	605829	242575	9.8	
305.08127	381799	216996	5.5	
305.26436	546479	203340	8.6	
305.34456	365619	181742	5.1	
305.98998	656463	200891	10.8	
306.02506	680816	214942	11.2	
306.08918	946867	217687	16.4	
306.35053	370431	127918	5.2	
307.09706	807839	202738	13.7	
307.72873	343482	233740	4.7	
308.02812	3126279	198262	58.6	
308.08095	700233	217575	11.6	
308.26940	983953	217164	17.1	
308.52973	443997	225513	6.7	
309.02583	488242	206900	7.5	
310.04424	353934	171519	4.9	
311.50545	968412	216205	16.6	
311.65235	357698	210817	4.9	
312.00944	343618	209735	4.7	
312.53798	368616	221200	5.1	
313.04744	594526	167629	9.5	
313.61898	434054	189248	6.4	
314.38774	387351	218188	5.5	
315.35684	884672	209667	15.0	
315.42221	359299	155366	5.0	
316.02561	2882909	199160	53.3	
316.52740	462866	258711	6.9	
316.66042	441176	211964	6.5	
316.84179	417087	221762	6.1	
317.02356	372839	246050	5.2	
317.95953	1627567	191610	29.2	
318.54814	399720	212872	5.7	
319.17520	368018	163061	5.1	
319.51614	367489	191721	5.1	
319.70135	340873	177825	4.6	
319.97517	1617669	200306	28.8	
320.51080	13320219	193142	250.6	
320.96233	370399	145459	5.1	
321.01249	2378289	185554	43.2	
321.50874	1122566	207462	19.4	
321.51280	635782	203336	10.1	
322.17353	345290	141168	4.6	
323.09189	9972874	191109	187.1	
323.48919	438107	203854	6.4	
323.58746	360831	173252	4.9	
324.08862	341028	151945	4.6	
324.09513	1151413	211579	19.9	
324.09709	346101	355813	4.7	
324.33228	3787711	191931	69.9	
324.66677	1002125	195107	17.1	
324.99746	689500	199076	11.2	
325.07664	347135	223354	4.7	
325.08769	527584	219121	8.1	
325.10756	6792417	191302	126.8	
325.31221	345593	195434	4.6	
326.01888	397736	196945	5.6	
326.11079	894860	179057	15.1	
326.67373	1002916	205235	17.1	
327.10349	414743	182630	6.0	
328.03422	392991	227284	5.5	
328.20836	358743	214119	4.9	
329.01845	4907914	190620	90.8	
329.48247	341870	172962	4.6	
329.51589	351552	240434	4.7	
329.66384	354854	233537	4.8	
329.99981	4617653	191359	85.3	
330.02122	510518	339493	7.7	
330.02313	2040118	210818	36.6	
330.33418	947076	210947	16.0	
330.33586	2357188	191939	42.6	
330.50505	405099	191608	5.7	
330.52453	362396	143471	4.9	
330.66521	588434	206308	9.2	
330.66976	434035	157935	6.3	
331.00375	387969	121158	5.4	
331.02064	352578	199087	4.8	
331.48635	493431	245647	7.4	
332.00520	662926	179448	10.6	
332.67730	3412524	190206	62.6	
333.01160	1101499	189846	18.9	
333.34263	851401	197782	14.2	
333.67687	371112	141100	5.1	
334.27926	350899	177296	4.7	
334.50819	1602046	189252	28.4	
334.59960	379074	153467	5.3	
335.01056	343556	150415	4.6	
335.01223	436212	147825	6.3	
335.51608	5009067	187199	92.7	
335.51817	533931	624867	8.2	
335.66737	1508018	199525	26.6	
335.97012	1815232	187074	32.4	
336.00219	354433	224967	4.8	
336.00478	534337	203015	8.2	
336.01760	1061442	171582	18.1	
336.33289	531632	206931	8.1	
336.33933	412336	205127	5.9	
336.51414	607672	200765	9.6	
336.52395	451641	175478	6.6	
336.97778	658542	190259	10.5	
337.37825	365440	211637	5.0	
337.50465	1561478	197630	27.6	
337.98592	440636	228273	6.4	
338.02047	31494942	183476	593.1	
338.05017	1925919	189831	34.5	
338.38444	645422	221297	10.3	
338.52215	6328628	178649	117.6	
339.01840	5080395	182987	94.1	
339.02831	41339724	182468	779.1	
339.52012	978658	181957	16.5	
339.52997	6957923	177217	129.1	
340.02619	5675898	184159	105.0	
340.03017	1533818	190057	27.0	
340.52782	1155665	177979	19.9	
341.02487	457464	169915	6.7	
341.02859	388232	242515	5.4	
341.10243	523659	207307	8.0	
341.66513	652294	189017	10.4	
342.00891	26764246	181683	502.0	
342.19501	359742	173930	4.9	
342.34341	7391718	188958	137.3	
342.67415	6006773	179234	111.2	
342.67667	1815797	173175	32.3	
343.00868	1636356	205242	28.9	
343.01099	433157	185821	6.2	
343.11805	969098	199012	16.3	
343.33944	655220	183468	10.4	
343.51353	42097692	180410	790.6	
344.01522	7654964	177026	142.2	
344.51146	3911243	179869	71.7	
344.51539	1946443	203077	34.7	
344.51760	711371	317922	11.5	
344.52136	5341260	178438	98.6	
345.01286	664867	173789	10.6	
345.02305	857827	186983	14.2	
345.51936	570363	215217	8.8	
346.34492	454850	229664	6.7	
346.68079	4615858	185499	85.0	
347.01531	1640642	195937	29.0	
347.34601	1188818	196862	20.5	
347.34885	488722	186548	7.3	
347.68081	454722	229216	6.6	
347.97020	607632	187542	9.5	
350.76376	343990	181821	4.5	
351.11463	370951	152286	5.0	
351.34052	905170	176342	15.1	
352.08826	461078	188201	6.7	
352.59734	364399	194781	4.9	
352.94909	588064	204472	9.1	
353.02578	6559204	177266	121.1	
353.52728	1143869	188287	19.5	
353.82170	390155	186596	5.4	
354.02374	945429	174082	15.8	
354.49869	362556	179557	4.9	
354.84528	379069	232268	5.2	
356.01244	951351	194087	15.9	
356.27770	380948	139881	5.2	
356.65212	18106006	174040	337.7	
356.98638	3530407	220925	64.3	
356.98842	2517671	233509	45.3	
356.99016	563367	347876	8.7	
357.01342	1405608	187164	24.5	
357.31739	4092855	164068	74.9	
357.32001	1028759	132466	17.4	
357.32284	546424	259915	8.3	
357.65162	763720	262359	12.4	
357.65357	595912	270034	9.3	
357.98247	454840	204867	6.6	
358.35505	366251	215386	5.0	
358.69881	7622396	173970	141.1	
359.02950	527820	192238	8.0	
359.03332	2208781	192092	39.5	
359.03770	664557	141416	10.5	
359.36411	1337373	168506	23.2	
359.36718	581789	133651	9.0	
359.69849	403310	243154	5.6	
360.03204	349919	135837	4.6	
360.42420	364802	172201	4.9	
361.34419	424224	202295	6.0	
362.01610	493442	160857	7.3	
362.31970	2798001	180914	50.6	
362.65418	930434	192901	15.5	
362.98502	805779	198083	13.1	
363.05381	840662	172453	13.8	
363.39652	356816	128575	4.8	
363.69444	652919	198640	10.3	
364.02792	421096	230643	6.0	
364.03047	1615112	185185	28.3	
364.35832	570424	176593	8.7	
364.36478	355417	292740	4.7	
364.36692	442137	269839	6.3	
364.70235	31176746	171343	580.5	
365.03686	10656827	174999	197.2	
365.34414	374826	185228	5.1	
365.36759	5982796	154505	109.9	
365.37037	2251852	161793	40.2	
365.70204	1916637	171202	33.9	
365.70498	473373	169637	6.9	
365.70665	407501	291729	5.7	
367.97662	343761	199797	4.5	
368.02241	506451	200010	7.5	
368.02922	772755	185607	12.5	
369.03707	482343	194720	7.1	
369.04336	886343	175075	14.6	
370.35187	1524939	187078	26.6	
370.68809	470876	224707	6.9	
370.70726	780125	151536	12.7	
371.01705	483981	184289	7.1	
371.11296	3347826	170345	60.6	
371.66329	409102	203794	5.7	
372.11638	534694	180893	8.1	
373.50083	343437	193666	4.5	
373.89075	388258	161943	5.3	
373.90801	353571	167578	4.7	
374.59715	352870	133293	4.7	
374.99057	794107	177548	12.9	
375.02391	21701180	165632	403.5	
375.49447	11724373	165553	217.1	
375.76387	374179	178945	5.0	
375.99608	2037359	174676	36.0	
376.01941	3351153	170354	60.4	
376.02206	415729	485314	5.8	
376.02728	2388593	160142	42.5	
376.03000	364977	270918	4.9	
376.03779	507569	195729	7.5	
376.35323	491778	359770	7.2	
376.35565	1829250	189652	32.1	
376.49236	1381385	162071	23.8	
376.49646	639305	172654	10.0	
376.68493	634163	155301	9.9	
377.01949	934245	178637	15.5	
377.02838	692261	164001	11.0	
377.13524	372491	162120	5.0	
377.51018	440350	198003	6.3	
377.96215	388982	197394	5.3	
378.68568	396796	214052	5.5	
379.02128	491533	182922	7.2	
379.04858	350415	176510	4.6	
380.82866	346477	181696	4.5	
381.01309	442390	211326	6.3	
382.55431	353480	179301	4.7	
383.16688	361816	120533	4.8	
383.49193	10110969	162167	186.2	
383.99363	1674004	175128	29.2	
384.49053	1527598	118170	26.5	
384.49975	62473264	162092	1160.3	
384.67940	449272	222625	6.4	
385.00145	12149833	166420	224.1	
385.01514	1052618	189097	17.7	
385.35120	2602332	171033	46.5	
385.49765	8957027	158151	164.7	
385.50132	2913892	160287	52.3	
385.50414	1119076	255669	18.9	
385.68541	638637	162350	10.0	
385.77309	357010	196882	4.7	
385.99940	1925630	164298	33.9	
386.00351	653982	141087	10.2	
386.01609	388927	148131	5.3	
386.01919	433759	151911	6.1	
386.03993	954880	158120	15.8	
386.49529	351048	174930	4.6	
387.01868	829812	174388	13.5	
387.05378	1264310	169438	21.6	
388.05550	2138604	171699	37.9	
390.01085	365684	139206	4.9	
390.33903	454693	190592	6.5	
390.34682	1024998	150762	17.1	
390.36985	348615	173824	4.5	
390.68278	3567992	170099	64.2	
390.68544	384248	278544	5.2	
390.98835	393768	158774	5.4	
391.01871	14718346	163441	270.6	
391.35465	87438744	161640	1617.3	
391.68439	3572653	122880	64.2	
391.68637	3503534	350916	63.0	
391.68917	25423278	166715	468.9	
392.01990	21114304	144979	389.1	
392.02330	6348224	138616	115.6	
392.35443	6462417	152544	117.7	
392.35759	1806993	142594	31.5	
392.68501	1458019	116793	25.1	
392.68797	1142659	101909	19.2	
393.01981	405173	181825	5.6	
393.02266	362773	135077	4.8	
394.67482	812174	175340	13.1	
395.01080	429824	190514	6.0	
395.33849	353009	191371	4.6	
397.03204	479820	192021	7.0	
397.35932	2348510	167239	41.6	
397.69370	934768	172436	15.4	
398.02415	393154	201205	5.4	
398.03993	2259459	163442	39.9	
399.01604	18005816	155900	331.5	
399.02391	13435704	153894	246.9	
399.51771	3613011	164830	65.0	
399.99369	506636	174775	7.5	
400.01395	3678317	150188	66.2	
400.01754	761005	174135	12.2	
400.02722	1649262	153148	28.6	
400.03177	1519342	145023	26.2	
400.51556	594696	178061	9.1	
401.01973	556196	175783	8.4	
401.03959	3600037	154185	64.7	
401.51415	349038	150993	4.5	
401.68198	4728776	156551	85.6	
402.01652	1651289	144220	28.6	
402.04290	619355	164258	9.5	
402.34722	1093099	134094	18.3	
402.55238	375286	188581	5.0	
402.68124	382301	164097	5.1	
402.98497	349006	171752	4.5	
402.99359	349886	116421	4.5	
403.01886	494928	178425	7.2	
403.04866	3319313	155143	59.5	
403.57605	349582	188570	4.5	
404.03261	694726	196781	10.9	
404.05650	24522824	153587	452.2	
404.07402	428969	177396	6.0	
404.30732	372213	198206	5.0	
404.53047	413409	190361	5.7	
404.66626	354057	199186	4.6	
404.75363	388973	153978	5.2	
405.06431	273750144	152218	5041.2	
405.40804	3124113	155826	55.6	
405.50477	628182	180048	9.6	
405.73868	733027	128345	11.6	
405.74257	778851	151899	12.4	
406.05245	2498228	156974	44.1	
406.06445	4140212	125243	74.3	
406.06767	32198836	151835	591.3	
407.06014	25577706	152721	469.3	
407.06864	6032107	146310	109.2	
407.07993	6429420	153628	116.5	
407.99166	378237	140910	5.0	
408.06345	3100961	156058	55.2	
408.06661	494113	315144	7.2	
408.06887	359073	300541	4.7	
408.07192	901537	171140	14.7	
408.08325	798562	150792	12.8	
408.97488	482706	185450	7.0	
409.05583	606454	143949	9.2	
409.06441	363191	180183	4.8	
409.07552	644760	169853	9.9	
409.40949	385962	167704	5.2	
409.54979	445745	169364	6.3	
410.55760	934184	157695	15.3	
411.05953	491331	155805	7.1	
411.50503	10185179	151200	185.7	
412.00668	2204151	163059	38.7	
412.50280	1599121	140816	27.5	
412.50642	576210	162087	8.7	
412.51284	1084434	143136	18.0	
413.00419	502093	160139	7.3	
413.02726	453134	135047	6.4	
413.99071	411938	148837	5.7	
414.03478	3147365	154040	56.0	
415.01882	2643354	144417	46.8	
415.03903	503963	156880	7.3	
415.04258	3371675	152359	60.2	
415.24885	384870	150070	5.2	
415.35774	364236	177558	4.8	
416.02232	473328	170313	6.8	
416.05045	35973840	149935	660.8	
417.00440	362437	147642	4.7	
417.05381	4372744	148516	78.6	
417.05726	449672	188223	6.3	
418.04626	1357502	161400	23.1	
418.05469	783358	146527	12.5	
418.06653	574047	137553	8.6	
419.07990	1233526	170355	20.8	
419.56268	376336	146472	5.0	
420.05146	1438891	156625	24.6	
421.03545	532512	186497	7.8	
421.05921	1933025	147111	33.4	
421.87427	375213	160895	4.9	
421.90879	345487	143837	4.4	
422.06691	1182488	159356	19.7	
423.07489	5604942	149055	100.6	
423.38971	365535	164419	4.8	
423.47030	350244	163029	4.5	
424.07831	868036	142316	14.0	
424.47813	4817050	149100	86.2	
424.48141	481434	352847	6.9	
424.87081	362239	128105	4.7	
424.97992	930549	159225	15.1	
425.07075	522298	187855	7.6	
425.38236	354171	141369	4.5	
425.47596	766416	156413	12.1	
426.51018	513224	194100	7.5	
427.38971	373367	179693	4.9	
427.51788	460094	170993	6.5	
427.55163	358192	122894	4.6	
428.06172	1537243	151587	26.2	
428.15193	376544	151245	5.0	
428.39632	816302	155190	13.0	
428.72967	392783	94415	5.3	
429.47465	351720	140460	4.5	
430.02983	870981	163198	14.0	
431.03747	1288572	158093	21.6	
431.72580	18462240	144568	335.9	
432.04536	82361904	144106	1505.3	
432.06013	9232946	152061	167.0	
432.39089	3242564	114060	57.4	
432.39387	2198724	145405	38.3	
432.39758	647493	333546	9.9	
432.72153	1089046	119894	18.0	
432.72534	1326934	99730	22.3	
432.72857	745750	148135	11.7	
433.04873	10225255	142677	185.2	
433.48342	3096191	147370	54.7	
433.56010	610499	160266	9.2	
433.98504	712474	161731	11.1	
434.00671	563355	166823	8.4	
434.04117	3536029	147935	62.8	
434.04953	2327453	153321	40.7	
434.05264	520861	153855	7.6	
434.06108	2059678	148171	35.8	
434.48131	427540	169181	5.9	
435.04471	453138	191671	6.3	
435.51551	1518443	152361	25.8	
435.53035	1537388	131182	26.2	
436.01712	507270	149987	7.3	
436.04638	682312	167083	10.5	
436.06177	2071561	144895	36.0	
436.39624	1205530	155388	20.1	
436.52848	555297	150035	8.2	
438.01816	680625	173989	10.5	
438.06206	2595699	143862	45.6	
438.51039	581899	162422	8.6	
439.06541	412104	107436	5.6	
439.13915	492332	169743	7.0	
440.01642	383171	80223	5.0	
441.01449	500303	156914	7.2	
441.02661	1907856	147195	32.7	
441.17369	367672	158311	4.7	
441.53059	3157291	150667	55.4	
442.03236	421157	172678	5.7	
442.52840	962143	139882	15.5	
444.04516	446383	142785	6.2	
446.01564	599702	168954	9.0	
446.50744	385296	156294	5.1	
447.02354	2803019	140760	49.0	
447.03186	359435	135544	4.6	
447.51551	2399076	145526	41.6	
447.51913	357348	480273	4.6	
447.52553	504997	167820	7.2	
448.01687	448510	186278	6.2	
448.04023	890879	130477	14.2	
448.13285	371364	162576	4.8	
448.52341	8958360	140797	160.8	
448.99404	1478833	148419	24.9	
449.02509	2211506	141710	38.2	
449.52121	1167948	114987	19.3	
449.52445	782028	242970	12.3	
449.52818	2233292	157112	38.6	
450.00279	387205	140222	5.1	
450.01994	466118	140455	6.5	
450.02929	586534	201795	8.7	
450.03277	433830	183912	5.9	
450.53580	13813248	139301	249.0	
451.03395	519194	329432	7.5	
451.03760	3375386	148805	59.4	
451.06980	21271068	139083	384.5	
451.18623	400578	150925	5.3	
451.48343	466417	166068	6.5	
451.53367	3098420	135032	54.4	
451.54041	431236	232125	5.9	
452.03517	643149	152003	9.7	
452.07308	2888783	133203	50.5	
452.07824	691280	141627	10.6	
452.49122	7961189	138592	142.7	
452.99310	1345918	140681	22.5	
453.06559	1711234	142247	29.1	
453.07383	520962	163795	7.5	
453.48921	1413912	138633	23.7	
453.49363	389112	190062	5.1	
453.99093	588337	154568	8.7	
454.71253	362582	153240	4.6	
454.98086	522275	157361	7.5	
455.02099	2325990	140816	40.3	
455.13375	420843	180549	5.7	
455.51308	476542	147041	6.7	
455.52250	396351	202910	5.3	
455.52592	362975	186961	4.6	
456.02885	36856600	136566	667.7	
456.03890	809241	238303	12.8	
456.53056	9002802	140946	161.6	
457.02298	728139	253259	11.3	
457.02673	5424459	126978	96.6	
457.03124	2235211	128202	38.7	
457.52855	1201636	126833	19.7	
457.53282	619492	138695	9.2	
457.74708	356111	193348	4.5	
458.07953	656768	142940	9.9	
458.37800	1643023	139572	27.7	
458.46288	380115	135125	4.9	
458.53345	1229846	142646	20.2	
458.59522	557273	142963	8.1	
458.71241	713183	149525	10.9	
459.54105	1121481	148754	18.3	
459.98519	547935	156443	7.9	
460.99255	2109201	137014	36.1	
461.49426	430121	188871	5.8	
461.98997	380130	100754	4.9	
462.55996	357118	145197	4.5	
464.02604	449766	153541	6.2	
464.07768	485544	149240	6.8	
464.53353	495870	181071	7.0	
465.08516	422009	111344	5.7	
465.28368	358227	119159	4.5	
465.99677	402325	110374	5.3	
466.23819	360865	89754	4.6	
466.56572	458465	167179	6.3	
466.59241	914786	130133	14.5	
469.07996	589785	152467	8.7	
470.79466	350458	85514	4.4	
473.14469	490456	148949	6.9	
473.31704	353088	140721	4.4	
473.42215	365109	108331	4.6	
473.53854	8869482	132094	158.0	
474.04034	2601345	141647	44.9	
474.53643	1795096	131228	30.4	
474.54173	386648	176871	5.0	
475.03848	433743	137574	5.9	
475.49382	1257540	131271	20.7	
475.57086	736008	144578	11.3	
476.67955	384346	148281	5.0	
476.98874	841288	148879	13.2	
477.08552	564429	156650	8.2	
477.29688	352758	133112	4.4	
477.49278	5000991	128465	88.2	
477.99326	1017910	317354	16.3	
477.99704	3739446	148645	64.9	
478.49041	810892	112662	12.6	
478.49595	410764	116840	5.4	
478.99958	411075	129534	5.4	
479.99249	423343	120801	5.6	
480.04250	1332753	140660	21.9	
480.20778	359160	130623	4.5	
480.63052	371211	125258	4.7	
481.04002	415421	106677	5.5	
481.04804	352269	121171	4.4	
481.38093	368108	171782	4.6	
481.47340	353264	105180	4.4	
481.50850	588498	140980	8.6	
482.63117	396067	145879	5.1	
484.06744	2847553	132107	49.0	
484.07177	356161	396562	4.4	
484.57590	608983	138657	8.9	
485.07089	523052	142315	7.4	
485.53851	2135680	129290	36.2	
485.59639	359042	134925	4.5	
486.02910	662357	133836	9.9	
486.04032	590741	146611	8.6	
486.06307	480342	132850	6.6	
486.54571	707819	133749	10.7	
487.00198	3365054	132773	58.2	
487.49393	971538	127117	15.4	
487.50337	745619	135860	11.4	
487.99455	358791	124727	4.5	
488.00040	393160	122453	5.1	
488.29488	380244	135342	4.9	
488.50179	15044860	127916	267.0	
488.99966	660881	231115	9.9	
489.00367	3898129	137583	67.7	
489.00779	450833	208840	6.1	
489.01649	491026	148275	6.8	
489.49970	2674982	118430	45.9	
490.00160	793210	142807	12.2	
490.51422	4945743	131685	86.5	
490.83455	368444	116976	4.6	
491.01606	1453028	133716	24.0	
491.51201	1224824	134407	19.9	
492.01438	384940	145834	4.9	
492.04218	539149	116701	7.7	
492.34266	376825	130362	4.8	
493.53577	1117257	125908	18.0	
493.55959	360953	117108	4.5	
493.99156	2098907	129680	35.6	
494.03775	421404	125992	5.6	
494.54321	359792	145532	4.5	
494.61729	369075	153157	4.6	
494.99942	13623810	125882	241.6	
495.02961	1248259	133218	20.4	
495.50041	430806	153330	5.8	
495.55171	2166296	135270	36.8	
495.55636	357400	213128	4.4	
495.60627	397946	118771	5.2	
496.00725	78490152	124938	1401.2	
496.03731	12217898	126125	216.5	
496.50905	18373180	130338	326.5	
496.53910	3236670	130136	55.9	
496.54421	387134	238448	5.0	
497.00514	13978192	108223	247.9	
497.03516	2335057	118157	39.8	
497.04075	667025	101649	10.0	
497.50241	596963	293088	8.7	
497.50695	3588451	118872	62.2	
497.53654	755748	137681	11.6	
497.56563	6248549	126873	109.8	
498.00311	815094	112968	12.6	
498.00697	841142	100497	13.1	
498.05758	12032632	124171	213.2	
498.06205	1131128	215514	18.3	
498.06709	1209336	103976	19.7	
498.51186	747785	152027	11.4	
498.55934	3600011	124816	62.4	
498.56416	615115	101974	9.0	
498.57340	2411147	126827	41.2	
499.05553	1612445	88622	26.9	
499.06731	354270	168769	4.4	
499.07505	833246	131109	12.9	
499.51916	1378094	134103	22.7	
499.53587	557999	133325	8.0	
499.55737	637616	117003	9.4	
499.57127	400816	129001	5.2	
499.79740	374713	149962	4.7	
500.51705	386899	115244	5.0	
500.54364	616148	150896	9.1	
500.93635	350147	143366	4.3	
501.04782	1377255	129231	22.6	
501.13992	380714	137711	4.8	
501.54914	373945	129593	4.7	
502.05007	364395	121657	4.5	
502.12997	356862	115338	4.4	
502.54109	794717	137025	12.2	
503.03233	1252654	91424	20.4	
503.53471	508032	113743	7.1	
504.06657	1843539	133510	30.9	
504.52779	399427	121241	5.2	
506.05518	1283224	122356	20.9	
506.47584	382503	115837	4.9	
506.54431	847401	123497	13.1	
506.57087	28408746	122469	503.9	
507.07260	8592315	125951	151.0	
507.31979	351811	165478	4.3	
507.56880	3725772	88294	64.4	
508.07039	1098333	124873	17.6	
508.07565	350637	96189	4.3	
510.55687	461166	177359	6.3	
511.60387	387856	125301	5.0	
512.00218	5869661	122438	102.6	
512.03201	422013	139639	5.6	
512.04744	387390	160840	4.9	
513.00560	860412	118067	13.4	
513.51695	4711564	121387	81.9	
513.99772	522107	110896	7.3	
514.01790	6281371	120969	109.9	
514.02201	677979	163109	10.1	
514.05084	865564	128628	13.5	
514.51442	1054890	124520	16.8	
515.00161	501721	129288	7.0	
515.02122	527226	116968	7.4	
515.54907	10833097	122255	190.9	
515.55399	1067210	409980	17.0	
516.01353	543063	115301	7.7	
516.04632	413528	245758	5.4	
516.05076	2742233	129580	46.9	
516.06031	420697	192887	5.5	
516.54694	1834727	100457	30.7	
517.04818	634742	113927	9.3	
519.09595	2831408	120206	48.5	
519.14974	409650	96886	5.3	
520.02100	549642	150567	7.8	
520.10400	600364	104979	8.7	
520.52501	987096	133348	15.6	
521.98612	481791	133648	6.6	
523.98862	355220	88562	4.4	
524.55435	1777346	128280	29.7	
525.05629	482767	136599	6.6	
525.55212	566363	116148	8.1	
526.66312	430935	122294	5.7	
528.66555	423943	121762	5.6	
529.39335	455737	116293	6.1	
531.54334	521035	96085	7.3	
532.03449	760438	120547	11.5	
533.20010	350448	120432	4.3	
534.52169	389646	129132	5.0	
535.07458	440410	113585	5.9	
535.09108	1016826	107884	16.1	
535.52988	481348	165703	6.6	
536.52862	398457	129732	5.1	
537.10658	7752422	116781	135.7	
537.54400	10248943	116656	180.0	
538.03601	19269370	115531	340.2	
538.04140	1980666	202609	33.2	
538.04488	2310650	113593	39.1	
538.04848	5315834	119602	92.4	
538.10979	1428475	125476	23.4	
538.53771	5586180	117644	97.2	
538.54320	1712900	167070	28.5	
538.55239	2761220	124904	47.1	
539.03395	3513103	101050	60.4	
539.03828	1710223	73232	28.4	
539.04659	934479	103217	14.6	
539.05447	789519	148423	12.1	
539.05977	420111	131409	5.5	
539.10230	850192	113880	13.1	
539.10925	365712	129787	4.5	
539.53557	1209241	122338	19.5	
539.54046	496793	184483	6.9	
539.54998	441753	142995	5.9	
539.55547	520345	130587	7.3	
539.71617	351069	113647	4.3	
542.51970	1547478	120565	25.5	
543.02196	511969	138502	7.1	
543.51743	484203	146768	6.6	
544.06125	357654	147110	4.4	
545.54149	397875	130999	5.1	
546.51145	363303	156448	4.5	
546.54928	45502376	114157	805.9	
547.05112	13468593	117006	237.2	
547.54692	8096700	107711	141.8	
547.55192	4125884	156011	71.3	
547.99888	384276	102504	4.9	
548.04879	2560197	120247	43.5	
548.05391	1255749	157461	20.3	
548.54384	432143	127517	5.7	
548.54880	559695	115932	8.0	
549.03750	430937	115983	5.7	
550.14926	367615	95967	4.6	
550.53485	577782	126350	8.3	
551.44501	369320	117367	4.6	
551.92687	367410	118691	4.6	
552.09387	432501	123094	5.7	
552.73809	412482	85369	5.4	
553.10131	1896489	118300	31.7	
553.20514	398155	117461	5.1	
554.04241	354364	155276	4.3	
555.52767	588729	92933	8.5	
556.06079	523812	124101	7.3	
556.40961	420043	95177	5.5	
560.29856	371033	112666	4.6	
560.46096	390204	121287	4.9	
562.07202	2684637	112584	45.6	
562.12049	358846	119706	4.4	
563.01804	357648	143500	4.4	
563.07528	458642	122234	6.2	
563.08545	490930	141816	6.7	
564.02416	1436421	120144	23.5	
564.53243	448560	124455	6.0	
564.90126	355624	90878	4.3	
564.91171	412792	117086	5.3	
565.53223	375605	83398	4.7	
566.17281	392755	108008	5.0	
566.70670	356606	131727	4.3	
567.27147	387722	129655	4.9	
567.63196	695250	118111	10.3	
569.25056	353878	126224	4.3	
571.90248	388818	123308	4.9	
572.75175	364293	102597	4.5	
573.32958	354419	117985	4.3	
574.07194	3028964	109142	51.6	
574.12154	417189	111143	5.4	
575.05292	494588	108625	6.8	
575.07543	484924	134165	6.6	
576.06810	371284	120628	4.6	
576.70995	355044	111220	4.3	
578.01430	1911620	109011	31.9	
579.09656	369472	98485	4.6	
581.09654	3439252	111475	58.9	
581.10282	402964	214486	5.2	
581.26297	431640	125166	5.7	
582.10022	662959	119506	9.8	
584.02352	1528420	117012	24.8	
584.04654	353316	114340	4.2	
584.46517	400304	109202	5.1	
585.91867	371226	116712	4.5	
586.52769	70300456	106353	1228.3	
586.56421	428140	176483	5.5	
587.02950	21197626	105974	369.0	
587.52525	15686473	113710	272.6	
587.53092	7455561	165711	128.5	
588.02701	4762968	119342	81.4	
588.03287	1887064	154924	31.1	
588.52275	1077735	104072	16.9	
588.52805	1246823	106598	19.9	
588.53436	429863	188500	5.6	
589.02430	402742	148169	5.1	
589.52659	357830	74836	4.3	
590.06696	6456727	107514	111.0	
590.07327	612247	214449	8.8	
591.07019	1168310	115333	18.5	
591.45569	387571	92817	4.8	
592.08250	3728343	106424	63.3	
593.06580	371159	115834	4.5	
593.08542	711480	92583	10.5	
596.02377	535836	119898	7.4	
596.08274	478879	114848	6.4	
597.09141	6433411	104604	110.6	
598.09480	974503	111166	15.1	
598.75943	405503	128719	5.1	
599.08726	621004	125601	8.9	
599.10681	1198156	96759	19.0	
600.06025	403536	125993	5.1	
601.27762	361663	127230	4.4	
602.89722	358176	130463	4.3	
604.30932	377914	118076	4.7	
606.00739	369089	119809	4.5	
607.01563	1628813	107361	26.5	
607.61015	2037543	108492	33.7	
608.01888	465753	112682	6.2	
608.07746	13115964	102870	227.6	
608.11112	1073086	111487	16.8	
608.86069	360415	95779	4.3	
609.08080	2354537	103447	39.2	
609.08859	357354	122976	4.3	
610.07439	708311	100673	10.4	
610.08146	427799	138414	5.5	
611.15060	392106	87899	4.9	
611.79017	353064	91689	4.2	
613.34561	360372	84619	4.3	
616.43905	370162	85802	4.5	
617.06346	11156467	102575	193.3	
618.06684	1928745	111483	31.8	
618.41390	360987	99014	4.3	
619.05900	1469535	111960	23.4	
621.27304	393562	113585	4.8	
627.10184	1928751	106962	31.2	
632.59923	355750	86315	4.2	
634.72901	404368	118663	5.0	
637.06868	376138	120411	4.5	
638.11755	362736	144898	4.3	
638.26076	354137	100696	4.1	
638.26898	361082	139920	4.3	
639.89611	394503	108400	4.8	
642.02884	2729977	97846	45.0	
643.03286	460414	117968	6.0	
643.61915	363526	117348	4.3	
644.99220	378309	73300	4.5	
645.00208	385702	106828	4.7	
647.29445	382598	96522	4.6	
647.58854	940923	104020	14.2	
648.09101	955935	91814	14.5	
649.84718	400475	113215	4.9	
652.18593	362786	101453	4.3	
654.02891	2794054	97339	46.1	
655.03160	579118	87950	8.0	
656.04481	463831	118228	6.0	
656.09684	430939	100656	5.4	
659.82106	363944	114008	4.2	
660.81326	385152	81441	4.5	
661.05331	6003010	96438	99.3	
661.66044	439406	97427	5.5	
662.04892	360010	170090	4.1	
662.05708	1189771	108607	18.1	
663.04897	883666	92798	13.0	
668.58798	375492	90024	4.4	
670.02390	8006092	96343	133.1	
670.97926	385584	108530	4.5	
671.02608	1182996	131040	18.0	
671.03322	972308	140370	14.4	
671.05200	367317	109045	4.2	
671.51076	375894	113565	4.4	
672.03965	5184093	95229	85.5	
672.95192	368670	88563	4.3	
673.04265	1069476	98511	16.1	
673.46918	414467	125307	5.0	
674.03474	392235	84856	4.7	
674.04742	366044	72269	4.2	
676.80797	393008	113620	4.7	
677.04822	5757377	92048	95.2	
677.44726	379357	125516	4.4	
678.05232	861320	104743	12.6	
678.33915	371196	106927	4.3	
679.04401	687885	85732	9.6	
679.06295	639759	90235	8.8	
679.46734	378539	124725	4.4	
681.14238	360320	93867	4.1	
682.40697	358903	94619	4.1	
686.01868	488941	93925	6.3	
686.58622	365555	100035	4.2	
687.24275	371519	106422	4.3	
687.58547	373062	81243	4.3	
688.03437	61737652	91398	1039.6	
689.03792	12432119	94788	207.8	
690.03020	6056248	71046	100.2	
690.05004	3747129	77938	61.2	
690.86689	369518	103390	4.3	
691.03315	1072121	91898	16.1	
691.04341	567226	85155	7.6	
691.05351	630459	94872	8.7	
691.49228	367415	101115	4.2	
692.05291	394667	65299	4.7	
692.91448	408114	92252	4.9	
694.35495	418286	62593	5.1	
694.95662	376404	98687	4.4	
701.76757	487024	84392	6.1	
703.14749	360735	77109	4.0	
706.94187	376722	83768	4.3	
707.05873	3341624	90488	53.1	
708.06247	605422	122347	8.0	
708.07671	440271	62298	5.3	
709.05462	482018	88695	6.0	
710.65969	360133	69433	4.0	
711.10294	403852	95091	4.7	
711.93652	362614	75012	4.0	
714.91723	362857	81373	4.0	
715.50831	406693	108759	4.7	
715.59270	364137	83377	4.0	
718.07566	371006	92979	4.1	
718.20516	445092	84582	5.4	
723.06908	359164	98409	3.9	
724.98758	398158	92157	4.6	
725.22790	429528	77669	5.1	
725.86629	368754	91127	4.1	
728.92746	365903	108690	4.1	
729.44103	361636	113376	4.0	
730.05323	410012	88748	4.8	
730.52357	382479	76469	4.3	
734.37315	383250	58732	4.3	
734.51617	370216	82785	4.1	
735.15212	372032	74578	4.2	
737.99262	381256	92165	4.3	
739.25928	372342	78968	4.2	
740.32294	364668	89476	4.0	
740.77286	370988	95641	4.1	
743.52418	434796	81491	5.2	
743.87035	374168	54085	4.2	
745.12761	367539	69833	4.1	
746.29505	381963	75685	4.3	
747.55825	403669	93626	4.7	
751.99640	6269544	85913	98.9	
752.00657	694889	183423	9.2	
752.62887	365565	114503	3.9	
753.00024	1064329	90425	15.2	
753.99269	468777	105990	5.6	
755.18592	362480	82273	3.9	
755.31241	382420	65990	4.2	
755.36206	388246	86155	4.3	
756.95297	364745	101497	3.9	
767.91221	392521	93374	4.4	
767.99125	559723	94692	7.1	
768.65186	365600	86878	3.9	
770.00678	1672108	86580	24.9	
770.01778	375341	171419	4.1	
771.66498	373506	89293	4.1	
771.98849	362701	86200	3.9	
772.00442	376941	68653	4.1	
776.87514	375150	73558	4.1	
778.51216	400774	83176	4.5	
779.68688	371629	79067	4.0	
780.09868	382012	103766	4.2	
782.39504	380555	71527	4.2	
785.75729	398050	83237	4.4	
790.29611	493609	79298	6.0	
791.68846	406205	73889	4.6	
793.00811	372112	101412	4.0	
794.35435	408389	52062	4.6	
796.42606	378103	91395	4.1	
798.92736	372158	79177	4.0	
799.20355	363689	76782	3.9	
801.75096	400181	64637	4.5	
805.26392	371344	95997	4.0	
807.93415	368713	83364	4.0	
809.67533	382618	99092	4.1	
813.23836	399491	81783	4.3	
813.77038	422973	74398	4.7	
814.19447	436113	79992	4.9	
815.09765	475038	82942	5.5	
821.64746	364711	112886	3.8	
822.04017	385563	83602	4.1	
823.27127	375355	70851	3.9	
827.16387	372232	97701	3.9	
827.31831	381232	83096	4.0	
829.89512	394138	75996	4.2	
833.31791	401300	92570	4.3	
833.63675	369798	77962	3.9	
836.22340	404084	52027	4.4	
837.07111	405371	55845	4.4	
838.69254	462270	67797	5.3	
839.07476	390196	63248	4.2	
839.14070	414263	78240	4.5	
843.16531	469466	67158	5.4	
847.44504	400431	77582	4.3	
847.83602	377093	92994	4.0	
855.10965	474825	61720	5.5	
855.31917	376726	90614	3.9	
859.02572	446925	76755	5.0	
859.21323	444696	62512	5.0	
860.90431	385547	63130	4.1	
864.07376	368659	73004	3.8	
864.27601	373663	50881	3.9	
864.57016	378608	86289	4.0	
865.06525	422893	85088	4.7	
869.28102	401538	83815	4.3	
870.75555	371800	72423	3.8	
872.95236	372311	83540	3.9	
874.39196	398922	66948	4.3	
879.13267	451642	58037	4.9	
880.58058	405612	79096	4.2	
883.37229	389354	59013	4.0	
883.43143	369069	66511	3.6	
884.10151	379507	106119	3.8	
885.33018	411800	69359	4.3	
886.62889	370304	78632	3.7	
887.57017	391445	57016	4.0	
888.87813	368029	78770	3.6	
890.29942	415467	61261	4.3	
891.11739	387800	74964	3.9	
896.73955	407128	45257	4.2	
896.83946	385837	76272	3.9	
897.24487	386755	76950	3.9	
897.65210	383704	40265	3.9	
898.33019	382140	44920	3.8	
905.06481	368350	92513	3.6	
906.62869	430191	78877	4.5	
907.73483	367848	81494	3.6	
908.14698	381917	66883	3.8	
909.14668	398737	67932	4.1	
909.43807	381600	68733	3.8	
910.20755	382119	54848	3.8	
910.40589	374481	71527	3.7	
912.04708	369670	57439	3.6	
912.55300	425728	70683	4.5	
912.98289	412246	73597	4.3	
913.50472	397009	64259	4.0	
915.41303	371218	83466	3.7	
916.18368	731866	83894	9.1	
916.25395	371965	76309	3.7	
916.90694	382047	60304	3.8	
918.85622	410115	61932	4.2	
918.92574	384838	67621	3.9	
919.39613	474846	69733	5.2	
919.41766	379839	96285	3.8	
921.62324	395857	64921	4.0	
924.52430	396678	79171	4.0	
925.32822	370607	100098	3.6	
925.34385	378736	100567	3.8	
926.39363	388262	84326	3.9	
926.86438	444287	79147	4.7	
926.92202	379234	62785	3.8	
928.64005	385499	92440	3.9	
930.99334	380629	76647	3.8	
931.80284	417696	63757	4.3	
935.37784	378988	49599	3.8	
937.36406	415654	68999	4.3	
938.88125	377687	79053	3.7	
939.18656	372712	74911	3.7	
940.43508	382827	42107	3.8	
944.42699	370854	79042	3.6	
945.90965	383528	45732	3.8	
948.86724	370014	68115	3.6	
949.47560	375201	55292	3.7	
949.59076	408840	74284	4.2	
949.71643	498191	72546	5.5	
951.88987	378059	72886	3.7	
952.91471	391591	67988	3.9	
953.68473	380884	69850	3.8	
954.42945	395359	76005	4.0	
954.86848	377017	78514	3.7	
957.17983	478467	68595	5.0	
958.36217	372554	59063	3.5	
959.02163	385650	60187	3.7	
959.76349	403359	73042	3.9	
961.16237	420341	80064	4.2	
962.82464	399676	49380	3.9	
966.32071	468858	67326	4.9	
967.24093	429909	52864	4.3	
970.24861	371610	76090	3.5	
974.40718	404340	51539	3.9	
975.78015	393139	81556	3.8	
977.69669	398618	40652	3.8	
977.71704	371755	56369	3.5	
980.35611	453049	64656	4.6	
980.92686	390562	69955	3.7	
986.25436	399666	81637	3.8	
988.56856	444262	66931	4.5	
990.94785	375106	66687	3.5	
992.04600	382267	65291	3.6	
992.93984	377123	60549	3.5	
996.13887	704907	67839	8.2	
997.27065	396234	68617	3.8	
997.75222	390642	73390	3.7	
1000.23229	436868	63475	4.4	
1006.23062	418797	51715	4.1	
1007.85874	414269	76852	4.0	
1007.95710	389126	57150	3.7	
1008.13992	378454	89322	3.5	
1009.28369	378044	70786	3.5	
1009.85852	392255	53616	3.7	
1010.53448	377067	52204	3.5	
1013.47877	448276	59336	4.5	
1015.39765	382178	55327	3.6	
1016.47223	385764	43477	3.6	
1016.92290	388717	77028	3.7	
1018.51583	418623	78177	4.1	
1019.62666	391972	78720	3.7	
1024.20702	490122	68134	5.1	
1024.62614	380208	77280	3.5	
1027.55475	387455	57312	3.6	
1031.50300	529323	65882	5.7	
1034.84559	450591	73422	4.5	
1037.77318	465516	73192	4.7	
1039.44196	424420	57987	4.1	
1039.99077	601718	55442	6.7	
1040.11330	528289	47673	5.6	
1051.06014	412023	64387	3.8	
1052.38536	397451	74127	3.6	
1053.64606	399481	74483	3.6	
1055.05323	477043	60747	4.7	
1055.21964	418817	64759	3.9	
1059.26043	378969	64117	3.3	
1060.00993	475672	65768	4.6	
1060.46715	380094	82392	3.3	
1060.60235	379625	58330	3.3	
1061.95139	398809	65339	3.6	
1062.13122	406248	66287	3.7	
1062.14747	444746	55320	4.2	
1062.25530	428242	70615	4.0	
1063.21114	399329	78320	3.6	
1064.16056	440174	57023	4.1	
1067.46490	404055	54126	3.6	
1068.08095	396008	54822	3.5	
1069.09931	382456	85373	3.3	
1071.12743	381844	55715	3.3	
1072.37128	411411	59049	3.7	
1073.13187	391980	41173	3.5	
1073.75116	384826	70627	3.4	
1075.29681	395085	78808	3.5	
1076.42627	424815	34918	3.9	
1076.80486	412826	46665	3.8	
1077.29107	387485	78618	3.4	
1077.34310	380257	48031	3.3	
1077.76215	394943	74597	3.5	
1079.15685	416097	71068	3.8	
1079.83739	410289	68106	3.7	
1081.01466	409858	60771	3.7	
1083.70880	410263	44471	3.7	
1084.91112	405334	46804	3.6	
1088.59243	397456	72237	3.5	
1092.30716	392305	62750	3.5	
1093.83566	410410	60527	3.7	
1096.56169	452870	60828	4.3	
1096.73788	390096	59191	3.4	
1097.54118	465149	54110	4.5	
1101.64250	447610	76301	4.2	
1102.30080	411229	69971	3.7	
1107.35368	388509	73401	3.4	
1107.89156	384183	62908	3.3	
1109.20316	405558	65772	3.6	
1109.30537	432891	47717	4.0	
1109.39887	460928	60459	4.4	
1109.78864	509394	63748	5.1	
1110.19246	457638	33138	4.3	
1110.31540	434092	73845	4.0	
1110.36035	486638	81697	4.7	
1110.49372	398420	63592	3.5	
1110.78837	401954	45155	3.6	
1110.86220	418309	76840	3.8	
1111.15004	403763	56446	3.6	
1113.30708	416087	63343	3.8	
1116.06815	423667	57575	3.9	
1116.49817	449222	68782	4.2	
1116.55788	444617	60557	4.2	
1117.91027	427588	56744	3.9	
1119.98934	412638	67019	3.7	
1120.51102	404148	60447	3.6	
1126.76601	404147	56404	3.6	
1127.63605	422614	67762	3.9	
1128.11992	416873	73802	3.8	
1129.39038	430874	61096	4.0	
1130.10686	442998	57720	4.1	
1130.69633	425804	65135	3.9	
1131.29429	391331	87036	3.4	
1132.22719	416582	50294	3.8	
1134.12973	383341	59717	3.3	
1136.09126	440437	60546	4.1	
1137.17621	404477	52392	3.6	
1138.43268	393834	74658	3.5	
1139.62056	464468	47592	4.4	
1142.00257	401960	60411	3.6	
1142.59386	417597	70332	3.8	
1144.78170	392233	61471	3.4	
1146.70207	391242	76377	3.4	
1146.79912	410477	51171	3.7	
1147.75344	412766	31457	3.7	
1148.36062	401634	45108	3.6	
1149.00077	447960	62394	4.2	
1149.34732	485315	38498	4.7	
1149.60701	420364	54530	3.8	
1150.02499	390586	75258	3.4	
1150.25919	412738	66000	3.7	
1151.93773	401274	48408	3.5	
1152.43434	423626	62515	3.9	
1153.07874	393312	39533	3.4	
1154.99082	413471	72124	3.7	
1159.23505	480938	59081	4.6	
1160.03884	440964	53299	4.1	
1160.99516	392387	62828	3.4	
1161.86239	402783	56808	3.6	
1163.67534	399098	61565	3.5	
1165.09753	410760	38005	3.7	
1167.71547	384381	65161	3.1	
1169.80602	387914	31620	3.1	
1170.78107	422178	54169	3.5	
1174.38110	515416	60107	4.7	
1175.38165	390201	72845	3.1	
1175.86394	440169	46779	3.8	
1178.31842	414683	66516	3.4	
1181.32665	421761	50993	3.5	
1184.19152	453922	46756	3.9	
1184.21330	401123	45470	3.3	
1184.43733	455338	52029	4.0	
1184.52610	401261	54492	3.3	
1185.37727	403210	70373	3.3	
1185.67891	397653	57184	3.2	
1186.43792	433711	65300	3.7	
1186.69182	459991	46550	4.0	
1190.71649	389891	66646	3.1	
1192.34185	393243	55775	3.2	
1193.10043	386678	50972	3.1	
1194.85605	421844	63183	3.5	
1196.19060	388547	59098	3.1	
1197.28018	395050	73734	3.2	
1201.94374	423760	55536	3.5	
1203.25983	390592	54477	3.1	
1204.62041	388241	49333	3.1	
1206.12681	413088	29096	3.4	
1206.20678	422347	49334	3.5	
1207.14738	423278	41966	3.5	
1210.73427	411058	48703	3.4	
1211.72574	406999	61402	3.3	
1211.80799	411002	61230	3.4	
1211.98899	388448	57883	3.1	
1213.11894	444587	70779	3.8	
1218.53556	431799	60815	3.6	
1218.73251	391646	54090	3.1	
1218.89815	390085	70569	3.1	
1218.92667	395782	77113	3.2	
1219.05813	491595	54123	4.4	
1219.85925	399785	47421	3.2	
1220.33896	504427	36065	4.6	
1221.35472	466530	47632	4.1	
1222.55368	394033	35549	3.2	
1223.99379	397384	69561	3.2	
1224.08746	455180	57226	3.9	
1225.83259	437200	45953	3.7	
1225.97664	400277	50374	3.2	
1227.48344	401424	69470	3.3	
1227.66276	559255	51858	5.3	
1228.11684	425897	39750	3.6	
1229.32345	439256	61102	3.7	
1231.27764	388517	58214	3.1	
1231.36083	489449	56230	4.4	
1232.62394	398363	56968	3.2	
1233.01234	424458	49587	3.5	
1235.85778	397916	66752	3.2	
1236.01863	410931	32365	3.4	
1239.63495	412597	28130	3.4	
1240.64476	414559	63796	3.4	
1240.80518	482341	62274	4.3	
1241.11284	451506	57494	3.9	
1247.44443	435832	46048	3.7	
1249.02386	438170	42138	3.7	
1254.00788	448813	48492	3.8	
1255.78624	426457	51397	3.6	
1256.42999	414517	41426	3.4	
1257.25746	387801	67170	3.1	
1260.95083	416889	50133	3.4	
1264.90613	495047	45158	4.4	
1265.92721	400853	39192	3.2	
1266.01886	454969	47137	3.9	
1266.15517	425375	54125	3.5	
1266.46643	433197	70949	3.6	
1266.58687	418994	34565	3.5	
1267.58685	407743	56019	3.3	
1267.90022	408013	47207	3.3	
1268.72122	396434	69826	3.2	
1268.97279	422365	63512	3.5	
1270.78641	388335	54710	3.1	
1271.92240	411106	58508	3.4	
1273.18777	456924	64883	3.9	
1273.28111	483936	44734	4.3	
1273.80916	441337	64144	3.7	
1273.91550	394749	64171	3.1	
1274.69977	461730	50782	4.0	
1275.60834	498444	35861	4.5	
1275.76470	396179	63946	3.2	
1275.95373	421276	57746	3.5	
1278.28313	475305	40605	4.2	
1278.71604	399005	60595	3.2	
1282.45253	407632	68092	3.3	
1282.83917	506786	42078	4.6	
1289.39695	390760	64704	3.1	
1290.23797	454995	53532	3.9	
1290.32732	412695	67674	3.4	
1291.08687	391134	41928	3.1	
1291.44583	424753	39241	3.5	
1291.67615	397597	73698	3.2	
1292.04961	405488	46806	3.3	
1292.83417	446649	33302	3.8	
1293.52060	404541	45443	3.3	
1297.16792	411584	50964	3.3	
1299.43243	393917	40128	3.1	
1299.56323	404644	48288	3.3	
1300.93286	442897	55735	3.7	
1302.46682	393240	38916	3.1	
1303.74150	412561	52271	3.3	
1307.46195	420876	65516	3.5	
1310.13213	453838	31791	3.9	
1310.70245	414802	60836	3.4	
1310.98379	409571	60291	3.3	
1312.50989	488515	53589	4.3	
1313.56474	450757	56897	3.8	
1314.13928	435242	33789	3.6	
1317.62640	470415	51472	4.0	
1319.18859	410072	54115	3.3	
1322.13500	678531	42606	6.7	
1322.29061	430926	60673	3.5	
1323.20328	405086	32588	3.2	
1323.24528	544017	50909	5.0	
1323.58077	467433	54906	4.0	
1325.95667	477204	54615	4.1	
1326.45346	419448	50574	3.4	
1328.58932	427031	57428	3.5	
1329.78321	418193	36204	3.4	
1332.98075	396201	32698	3.1	
1333.41119	424299	52392	3.4	
1334.45213	410526	57041	3.3	
1335.43996	413678	52178	3.3	
1341.64667	412088	50564	3.3	
1342.23738	412971	45246	3.3	
1343.00542	444783	47995	3.7	
1343.29965	527305	47995	4.7	
1343.42412	395796	69852	3.1	
1343.59893	458851	50329	3.9	
1344.74850	414730	47588	3.3	
1349.08208	415866	49116	3.3	
1349.59057	403115	42494	3.2	
1350.23579	480648	43529	4.1	
1350.32922	427185	37566	3.5	
1352.32595	460179	55907	3.9	
1353.96303	405685	59749	3.2	
1354.21748	462702	46621	3.9	
1354.36220	530397	66342	4.8	
1354.50124	450667	44527	3.7	
1356.35155	413431	36244	3.3	
1356.48203	404116	51564	3.2	
1359.03307	412030	55129	3.3	
1359.33637	415710	48508	3.3	
1360.79074	493754	45396	4.3	
1361.15513	471073	51190	4.0	
1361.23336	401321	43937	3.1	
1361.91803	413620	60730	3.3	
1362.73511	418509	60265	3.3	
1363.02156	434541	45889	3.5	
1363.98705	436504	41031	3.6	
1364.26448	426454	48235	3.4	
1364.69350	436710	53405	3.6	
1372.81054	432335	51498	3.5	
1373.28800	452007	40884	3.7	
1373.87724	398957	43232	3.1	
1374.88690	430309	39831	3.5	
1376.09533	459799	61604	3.8	
1380.42089	408098	66568	3.2	
1381.00059	503209	51436	4.4	
1384.50622	404918	52258	3.1	
1385.05381	434554	45131	3.5	
1386.35942	444922	57098	3.6	
1386.84675	525750	44365	4.6	
1387.61595	436917	52933	3.5	
1395.22917	410810	59345	3.2	
1396.67927	446634	39830	3.6	
1397.03978	418198	59118	3.3	
1397.39844	417378	47761	3.3	
1397.94298	422148	52510	3.3	
1398.49875	424582	56986	3.4	
1401.05739	446490	44328	3.6	
1401.12707	412289	67999	3.2	
1401.68838	406404	56726	3.1	
1402.24774	409831	48174	3.2	
1402.55840	402412	58965	3.1	
1403.32653	402422	39825	3.1	
1403.40175	464527	64812	3.8	
1404.34633	414814	32625	3.2	
1404.37705	440706	40014	3.5	
1406.64799	454282	45768	3.7	
1407.68118	449472	55220	3.7	
1408.33732	458060	32612	3.8	
1410.92058	513839	38608	4.5	
1411.61438	445436	50679	3.6	
1412.21154	407934	50137	3.1	
1413.56229	428882	54947	3.4	
1413.82048	407342	48713	3.1	
1416.02112	403611	68752	3.1	
1416.48164	410059	56519	3.1	
1416.88773	403382	51085	3.1	
1417.19567	471382	48031	3.9	
1419.93541	417776	59783	3.2	
1422.05750	408131	55333	3.1	
1423.31563	467518	50316	3.9	
1425.36070	466943	50021	3.8	
1426.13191	402822	56572	3.0	
1427.84123	434017	50621	3.4	
1430.09075	409061	58631	3.1	
1432.62800	451830	42467	3.6	
1433.31649	465485	47333	3.8	
1433.63814	438982	50096	3.5	
1434.48329	429128	46533	3.4	
1436.17243	433943	34220	3.4	
1439.29095	414722	38773	3.2	
1440.36913	407560	34030	3.1	
1444.07598	463303	43555	3.8	
1445.17338	422627	39510	3.3	
1445.20087	405892	57874	3.1	
1446.36183	430528	55848	3.4	
1446.47117	442886	61134	3.5	
1447.03309	485282	51296	4.1	
1447.42256	464756	49560	3.8	
1447.93492	404620	42579	3.0	
1448.83713	458165	53717	3.7	
1449.61237	410583	59233	3.1	
1451.22564	455895	50450	3.7	
1453.51591	447174	48185	3.6	
1454.59304	427718	56774	3.3	
1457.66352	404178	48175	3.0	
1460.08414	406334	61339	3.1	
1461.44240	504721	53515	4.3	
1461.56968	437554	45422	3.5	
1462.42504	416860	40063	3.2	
1462.85537	412257	47721	3.1	
1463.53570	442695	41361	3.5	
1464.01762	493867	30251	4.2	
1467.24372	463290	57043	3.8	
1467.56178	424667	35251	3.3	
1467.85606	434619	43970	3.4	
1469.54825	410651	34579	3.1	
1470.27965	478426	43323	4.0	
1474.09551	410091	75043	3.1	
1475.03284	437604	50708	3.5	
1476.80280	413111	36327	3.1	
1478.16265	407787	50377	3.1	
1481.25889	465325	39793	3.8	
1481.37138	527404	41743	4.6	
1483.98549	404656	39616	3.0	
1484.84512	496263	48314	4.2	
1485.36591	420737	49258	3.2	
1486.86748	529393	46525	4.6	
1487.92082	419270	37333	3.2	
1488.39583	411713	47258	3.1	
1489.73763	431700	44858	3.4	
1490.07399	421457	38412	3.3	
1491.13106	459976	61178	3.7	
1493.24277	435447	36047	3.4	
1496.65307	446563	42677	3.6	
1496.74037	527971	39361	4.6	
1497.89823	411423	69130	3.1	
1499.06046	450909	50772	3.6	
