98.61739	928452	681423	19.3	
98.70148	654073	698288	13.0	
98.70220	3868922	607607	86.8	
98.78639	4215488	593767	94.8	
98.78667	448000	498662	8.3	
98.87179	15497141	633413	353.9	
98.87283	934510	703818	19.5	
105.08017	344799	629914	5.9	
110.37851	355865	379056	6.2	
110.73511	359648	390504	6.3	
113.29462	342169	498124	5.9	
115.88024	343042	556427	5.9	
116.64668	340784	605685	5.8	
117.79043	437826	505591	8.1	
120.44619	393258	458501	7.0	
121.44210	348920	597908	6.0	
121.77867	360270	516700	6.3	
123.12714	365171	392017	6.4	
124.19793	360277	561962	6.3	
125.19918	367846	605467	6.5	
127.12717	347471	484071	6.0	
127.24967	346218	424610	6.0	
127.98352	342748	374672	5.9	
129.17914	359765	307822	6.3	
129.42285	350401	409870	6.0	
131.00947	364205	461231	6.4	
132.03563	370136	476113	6.5	
132.82169	340653	441006	5.8	
135.02359	595754	1029127	11.7	
137.29399	367371	425052	6.4	
137.33394	383675	473149	6.8	
138.35431	368201	378885	6.5	
142.62484	406024	282376	7.3	
143.40175	366078	456189	6.4	
145.18658	340593	398164	5.8	
145.48036	346699	451090	5.9	
145.73694	344011	413331	5.9	
146.63247	2445485	425139	54.0	
146.63358	995837	398033	20.8	
146.63471	606173	441609	11.9	
146.75776	565946	473590	11.0	
146.88196	732022	429586	14.8	
147.29444	353001	420222	6.1	
149.73671	369730	333194	6.4	
149.98698	644785	463226	12.7	
151.99201	373889	426102	6.5	
153.03432	363396	391305	6.3	
157.41761	345043	376197	5.8	
159.54772	365716	375723	6.3	
159.66416	360992	415765	6.2	
159.91446	420600	334069	7.5	
163.29200	354944	392584	6.0	
164.20368	360539	408279	6.1	
165.50656	363204	382648	6.2	
167.90928	342696	355253	5.7	
168.39602	414903	304011	7.3	
168.98151	1148495	366126	23.8	
169.11024	346049	319835	5.8	
174.60509	353591	266976	5.9	
176.00252	447747	406426	8.0	
176.84830	379257	252483	6.5	
176.91716	565496	379044	10.6	
177.92500	1801351	366874	38.2	
180.98148	3973422	342630	86.4	
183.62994	353110	379197	5.8	
184.97156	398974	361792	6.8	
186.24884	344778	349578	5.6	
186.28499	359854	306502	6.0	
186.38038	368983	290056	6.2	
188.82289	365247	330572	6.1	
188.98873	365153	371658	6.1	
189.27759	354799	366793	5.8	
191.01995	863097	339148	17.0	
191.10489	349187	399600	5.7	
193.03562	852691	321512	16.8	
193.94372	859254	326301	16.9	
194.01309	4034942	319400	86.7	
194.67980	368839	336043	6.1	
194.92771	1066530	334319	21.4	
201.61540	381785	302777	6.3	
202.30880	405735	332462	6.8	
202.98960	3830116	306448	81.4	
203.76496	345323	377402	5.5	
203.99744	672437	311742	12.6	
205.00525	3700935	310459	78.6	
205.94367	1702257	316880	35.1	
205.98924	897430	321269	17.5	
206.84132	354022	326776	5.7	
206.99711	479496	314514	8.4	
208.46404	363238	219121	5.9	
210.92260	563459	319808	10.2	
211.03403	351456	367026	5.6	
211.53553	371000	347723	6.0	
212.69043	368954	276037	6.0	
213.88043	349600	326243	5.5	
214.45930	403105	257710	6.7	
217.06602	709267	266206	13.3	
219.99236	638198	296225	11.7	
221.22511	359061	223966	5.7	
222.00791	1185458	300364	23.4	
222.99186	403852	318691	6.6	
223.01131	356990	287100	5.6	
223.03122	349856	240336	5.5	
224.87484	349318	306537	5.4	
225.00765	355604	292140	5.6	
226.98692	832805	288255	15.8	
227.18099	356649	239142	5.6	
230.55228	352885	247973	5.5	
234.94636	525849	245772	9.1	
235.69318	380001	329564	6.0	
235.95419	695882	289427	12.7	
236.99507	514829	288560	8.9	
238.00287	1184715	279166	23.1	
240.01844	1090180	258336	20.9	
241.52526	353211	277115	5.4	
246.99625	418956	271661	6.7	
247.02972	365791	257364	5.6	
247.50020	556389	254981	9.6	
247.96675	359515	215573	5.5	
249.98224	354059	327566	5.4	
253.28568	489608	268523	8.1	
254.98175	788965	238173	14.4	
255.49758	10848170	241554	223.0	
255.95925	1601740	243356	31.2	
255.99747	1438671	199869	27.8	
255.99923	1174927	255440	22.4	
256.01335	732880	258185	13.2	
256.49545	1295858	245945	24.9	
256.49977	471090	273444	7.8	
256.50541	2713843	247384	54.3	
256.96702	1106772	235800	20.8	
259.57304	364137	303323	5.5	
262.25539	376053	184589	5.7	
263.99894	1585902	246101	30.4	
266.94872	839527	250741	15.2	
267.04178	361309	185834	5.4	
267.48932	1872201	239844	36.2	
267.74011	666680	261796	11.6	
267.98827	656231	226953	11.4	
269.08575	354457	228264	5.2	
269.42753	642158	270419	11.1	
269.42917	2515326	144214	49.4	
269.43113	4328766	245930	86.4	
269.43276	1116350	198685	20.8	
269.43410	1251966	224552	23.6	
269.43625	3575358	225543	71.0	
269.43865	841086	226380	15.2	
269.43953	1230910	227310	23.1	
269.44050	2528063	237251	49.6	
269.44342	812543	172482	14.6	
269.44471	3087551	220041	61.1	
269.44605	918975	391417	16.8	
269.44708	1272383	328666	24.0	
269.44826	1611071	263691	30.9	
269.44895	1563263	319147	29.9	
269.45083	1679167	215749	32.3	
269.45194	887423	226810	16.1	
269.45377	2471743	211577	48.5	
270.97661	619353	264353	10.6	
271.33064	387230	243112	5.9	
272.96196	1335563	246441	25.1	
272.99229	2644493	227787	51.6	
273.27504	2432797	251220	47.3	
273.52472	471067	185398	7.6	
273.52598	570667	244991	9.6	
273.77413	462345	180025	7.4	
273.96983	1047492	242022	19.2	
274.97750	463964	262926	7.4	
275.91870	368848	187832	5.5	
276.04711	541271	271763	9.0	
278.11813	384967	168746	5.8	
278.21982	375732	144145	5.6	
278.39272	361254	266245	5.3	
283.51054	437693	220803	6.8	
286.73718	367051	249685	5.3	
286.97455	602343	224886	10.0	
287.47842	413247	252494	6.3	
288.95674	497893	282723	7.9	
289.08650	931339	224299	16.6	
289.35093	370680	191868	5.4	
290.32069	367637	205706	5.3	
291.00275	1018213	220064	18.3	
291.50321	386204	226355	5.7	
291.50808	2325564	219512	44.3	
291.51244	441596	225494	6.8	
291.67650	5498308	214071	107.5	
291.67805	624452	425790	10.5	
292.00964	489667	196146	7.8	
292.01103	1699667	228139	31.9	
292.03240	361492	214861	5.2	
292.25636	11389918	210440	222.8	
292.25791	1013982	429948	18.0	
292.50723	3808234	218788	73.2	
292.70417	517298	237231	8.2	
292.75531	2713845	204421	51.6	
292.75711	842101	218599	14.7	
292.75859	552629	352122	8.9	
292.76027	2022901	207149	38.0	
292.79575	504343	227090	8.0	
292.89162	635675	218969	10.6	
293.00616	1305024	214668	23.8	
293.01102	908288	231089	16.0	
293.01368	487840	259124	7.7	
293.25507	20497420	147715	402.5	
293.26412	2527167488	212303	49863.7	
293.37627	19018768	208799	373.3	
293.50599	7415319	166744	144.4	
293.51503	768836608	219135	15168.6	
293.71073	6948896	211006	135.2	
293.76311	710345792	202531	14014.5	
293.76501	201663520	161436	3977.2	
294.01399	178308144	212456	3516.4	
294.01592	53765164	186952	1058.9	
294.04152	2586415	207163	49.1	
294.26209	41964600	193058	826.1	
294.26399	28566584	177665	561.7	
294.26504	18130488	185729	355.8	
294.26726	4846649	195339	93.7	
294.37601	902782	234332	15.9	
294.51290	16748612	204647	328.5	
294.51496	13248580	201173	259.5	
294.51639	3209540	190367	61.4	
294.76098	1639887	191804	30.4	
294.76296	2225487	173292	42.0	
294.76424	1592527	212423	29.5	
294.76611	1291471	242795	23.5	
295.01153	483450	216183	7.6	
295.01404	679450	230027	11.4	
295.09688	444702	202060	6.8	
295.47584	697455	227675	11.8	
295.53768	4188274	211306	80.7	
295.78675	1509757	200730	27.8	
296.48364	562523	224411	9.1	
296.54338	395774	271542	5.8	
296.55794	369279	261170	5.3	
298.03061	705631	223200	12.0	
298.04213	791776	222321	13.7	
298.51588	948788	217546	16.8	
299.04993	1613323	205873	29.9	
299.94893	531154	210043	8.5	
300.02130	373797	221495	5.4	
300.31632	384962	258301	5.6	
300.95687	1519965	207823	27.8	
301.96467	4365704	204997	83.4	
302.95285	354770	245266	5.0	
302.97247	3765939	205006	71.6	
303.68336	355472	268589	5.0	
303.96030	363132	217617	5.1	
303.98009	473597	193768	7.3	
304.76546	512126	198192	8.1	
305.08131	629995	221702	10.4	
306.08919	847285	233701	14.6	
307.02023	533723	207405	8.5	
307.09690	657566	205752	10.9	
308.02809	3682949	198735	70.0	
308.08102	872775	214826	15.1	
308.26949	845263	194831	14.6	
308.52024	494809	209528	7.7	
308.52989	757977	208678	12.9	
309.02597	641230	213688	10.6	
311.50563	474387	250587	7.2	
312.00962	591432	221864	9.5	
312.28048	369763	187966	5.2	
313.04736	871122	218772	14.9	
313.54927	419046	227391	6.2	
315.35667	1949871	209279	35.8	
315.69092	441469	205011	6.6	
316.02556	4892874	193788	92.7	
316.29791	392549	172380	5.7	
316.52720	847647	192141	14.5	
317.02348	831347	223962	14.1	
317.57464	367673	202146	5.2	
317.85873	361332	201225	5.0	
317.95956	1144728	180299	20.2	
318.96729	460737	191462	6.9	
319.97519	1276906	205032	22.5	
320.51079	8495232	192652	160.8	
321.01246	1770132	200364	32.0	
321.50874	1072104	204960	18.6	
321.51286	560328	205643	8.8	
322.39961	392732	183561	5.6	
323.09190	13533416	191772	257.3	
323.48905	589913	208063	9.4	
324.08094	413105	193083	6.0	
324.09527	1701777	193976	30.7	
324.33230	710555	201856	11.7	
324.66675	519049	191487	8.0	
325.08763	565178	231912	8.9	
325.10754	6018363	191048	113.3	
326.11086	925540	209174	15.8	
326.51092	392564	109298	5.6	
327.10331	573325	189449	9.1	
327.34551	512087	212987	7.9	
327.60067	362401	203269	5.0	
328.03413	460659	221578	6.9	
329.01847	4082140	186778	75.9	
329.51614	360833	170415	5.0	
329.66379	446103	226305	6.6	
329.99985	3964421	188655	73.6	
330.02107	450438	327139	6.7	
330.02306	2371590	205885	43.3	
330.33401	784851	223192	13.0	
330.33576	1665683	187930	29.8	
330.52462	611163	218521	9.7	
330.66507	999905	192682	17.1	
330.67060	407217	140625	5.8	
331.48634	618211	203761	9.9	
332.00546	580505	187504	9.1	
332.67730	3523190	187462	65.2	
333.01178	969156	205758	16.5	
333.34245	1296850	185115	22.8	
334.50826	460132	241444	6.8	
334.54650	358373	210644	4.9	
335.01214	1413977	184010	25.0	
335.51603	2519279	178613	46.1	
335.66741	1771637	193787	31.8	
335.97014	2104707	184829	38.2	
336.00236	510340	228678	7.8	
336.00482	1053828	194680	18.2	
336.01760	552644	196914	8.6	
336.33271	577330	206518	9.1	
336.33527	357074	196195	4.9	
336.97807	378350	197013	5.3	
338.02046	58059612	182401	1104.8	
338.05007	2481117	182737	45.4	
338.38481	730859	186682	12.0	
338.52213	10824561	176996	204.4	
339.01836	9405831	181478	177.4	
339.02828	62335880	181496	1186.3	
339.52015	1534493	188831	27.2	
339.52996	11557790	176296	217.3	
339.53214	1044894	402536	17.9	
340.02619	9212340	180202	172.8	
340.02830	877236	303171	14.7	
340.03012	2558388	196989	46.6	
340.03220	968756	296183	16.4	
340.52785	1652938	183636	29.4	
340.53189	381034	251307	5.3	
340.66524	458416	198371	6.8	
341.10249	479811	234065	7.2	
341.99648	462059	180079	6.8	
342.00890	41638924	179672	787.7	
342.04990	544717	190587	8.4	
342.34342	9793562	187667	183.8	
342.34553	905243	382920	15.2	
342.67416	11032617	176588	207.3	
342.67660	2417705	188147	43.9	
342.67830	1290153	272010	22.5	
343.00868	2775352	187451	50.7	
343.01094	686584	188252	11.1	
343.11819	713597	223124	11.6	
343.33947	896007	180983	15.1	
343.34219	751047	185283	12.3	
343.50091	485934	210410	7.3	
343.51352	41450576	179908	784.1	
343.67676	458134	201699	6.8	
344.01520	8497253	175313	159.2	
344.51145	3441020	178815	63.3	
344.51538	2146428	203720	38.8	
344.51752	865148	302737	14.5	
344.52135	3669372	175579	67.7	
345.01326	588979	183940	9.2	
345.02295	682739	170024	11.0	
345.51932	463977	204819	6.9	
346.34500	612175	207908	9.7	
346.68083	2886622	187053	52.8	
347.01046	361885	161715	4.9	
347.01529	931118	197617	15.7	
347.02869	410510	202218	5.9	
347.05257	365135	174778	5.0	
347.34583	658941	202330	10.6	
347.97014	412153	170200	5.9	
349.36699	460346	173485	6.8	
351.34049	1911733	177791	34.1	
351.67512	448197	194447	6.5	
352.00587	643860	176425	10.2	
352.94904	994560	197214	16.8	
353.02573	12635652	175954	236.4	
353.52738	2590748	175392	46.9	
354.02369	1793971	176327	31.9	
354.02747	383027	232732	5.3	
356.01241	1735057	174339	30.8	
356.34707	688801	194341	11.1	
356.46136	375430	186705	5.2	
356.65211	21216944	173917	398.2	
356.67769	656049	195354	10.4	
356.68367	405809	171311	5.7	
356.98648	5238975	205675	96.9	
356.98856	2089151	301912	37.5	
357.01339	1516481	186273	26.7	
357.31733	5924559	164782	109.8	
357.31999	1824207	160840	32.5	
357.32318	666831	259805	10.7	
357.65163	899039	193539	15.0	
357.65335	474143	292053	7.0	
357.98600	379407	141053	5.2	
358.69879	4440337	173952	81.8	
359.02904	1016289	160961	17.2	
359.03329	1350177	192963	23.5	
359.03762	639010	207009	10.1	
359.36420	647921	146935	10.3	
360.36683	358530	208593	4.8	
361.13292	361783	129573	4.9	
361.34399	1013009	186998	17.2	
361.49711	384440	182764	5.3	
362.31964	2312384	161638	41.7	
362.65438	426897	231053	6.1	
362.89904	358269	142679	4.8	
362.98496	933153	173631	15.6	
363.05380	868260	201501	14.4	
364.03044	1298964	181529	22.4	
364.36461	826084	216668	13.6	
364.36687	555236	268666	8.5	
364.70235	34930740	170009	653.0	
365.03685	11227205	176618	208.6	
365.34385	501204	223625	7.5	
365.36757	7486038	156354	138.4	
365.37036	2451286	128219	44.0	
365.70208	2211174	176993	39.5	
365.70533	505574	206864	7.6	
366.03252	411542	152727	5.8	
366.03585	449462	154542	6.5	
366.12976	368059	201291	5.0	
367.03989	380040	188964	5.2	
367.54660	377137	142632	5.1	
368.02914	528121	158563	8.0	
368.22836	373475	198169	5.1	
369.03727	426475	169805	6.1	
369.04303	926924	169870	15.5	
370.01616	402460	199755	5.6	
370.04500	548222	213671	8.4	
370.35187	3651917	172938	66.5	
370.68605	792030	272164	12.9	
370.68823	1057374	229872	17.9	
371.01144	811822	183814	13.3	
371.01722	1082158	153582	18.4	
371.11302	3865971	168204	70.6	
371.34599	371519	162021	5.0	
371.67687	430991	141767	6.2	
372.11626	487814	192250	7.2	
374.67521	376519	170452	5.1	
374.99046	1015415	164610	17.1	
375.02391	15481401	165942	288.3	
375.49445	10158672	165812	188.5	
375.99615	2078186	172875	36.8	
376.01946	6019179	164209	110.2	
376.02709	1782892	164536	31.3	
376.35322	869500	295383	14.3	
376.35563	3157116	191533	56.9	
376.49237	1364867	174888	23.5	
376.49637	500612	155380	7.4	
376.68467	1709709	156269	29.9	
376.69009	931405	183162	15.4	
377.01879	650334	158105	10.2	
377.02085	626750	139981	9.8	
377.02781	394175	152049	5.4	
378.89162	358590	186123	4.8	
378.93208	367056	156198	4.9	
383.49191	7298028	163814	134.1	
383.99359	1417478	168310	24.5	
384.48408	543168	119158	8.2	
384.49116	1447456	154332	25.0	
384.49973	62448672	161119	1161.6	
384.67923	374506	194612	5.1	
385.00145	12509243	164177	231.1	
385.01534	771707	188745	12.5	
385.35113	1960909	171937	34.6	
385.49762	9291861	155513	171.2	
385.50145	3114325	156719	56.1	
385.50415	1009749	303335	16.9	
385.99926	2047599	164355	36.2	
386.00378	657615	132822	10.3	
386.01617	510896	176857	7.6	
386.03990	2800753	159898	50.3	
386.49972	396745	162983	5.5	
387.01866	1512868	166899	26.3	
387.05374	1628070	165523	28.4	
387.06005	374566	133723	5.0	
387.35348	562870	176275	8.6	
387.68377	487111	170061	7.1	
388.05544	1516635	175782	26.3	
388.05812	359771	364029	4.8	
389.21536	359736	153595	4.8	
389.42709	367763	146083	4.9	
390.01116	551106	164837	8.3	
390.68275	3173221	161096	56.8	
391.01869	16149879	163024	297.0	
391.33821	849992	140574	13.8	
391.35463	101389704	160436	1874.6	
391.68472	3704218	144978	66.6	
391.68630	4285851	263187	77.4	
391.68916	32990618	164939	608.7	
392.01988	27940268	142055	515.2	
392.02319	8972716	121603	164.1	
392.35440	7904190	145713	144.4	
392.35736	2454334	141563	43.5	
392.68517	1797199	124606	31.3	
392.68798	1660560	123715	28.8	
393.01940	983457	139148	16.3	
393.02236	478145	158911	6.9	
393.06428	426788	174035	6.0	
394.47955	385935	199213	5.2	
394.97553	383833	106813	5.2	
395.30606	374747	159589	5.0	
395.55154	408408	87079	5.6	
396.01431	398097	145304	5.4	
396.33630	380546	141322	5.1	
397.03186	635895	166298	9.8	
397.35929	1872201	164256	32.7	
397.69360	987803	169526	16.4	
398.02901	433613	188807	6.1	
398.03996	1859438	163937	32.5	
399.01601	8901410	152500	162.8	
399.02388	19760930	154653	363.8	
399.51779	1856061	170168	32.4	
399.99363	459959	185803	6.6	
400.01393	2007640	158303	35.2	
400.01728	665176	179766	10.4	
400.02425	361688	421527	4.8	
400.02731	2127449	152633	37.4	
400.03168	2009049	150174	35.3	
400.08561	1226076	152150	20.8	
400.51526	429107	145876	6.0	
401.01971	979342	168961	16.2	
401.02822	577422	176646	8.8	
401.03955	3764367	153787	67.7	
401.04252	468495	545140	6.7	
401.40928	411555	183175	5.7	
401.55160	480459	147126	7.0	
401.68194	2962610	155350	52.9	
402.01625	1009220	171471	16.7	
402.03705	384037	153505	5.2	
402.04272	422149	165884	5.9	
402.34717	648918	135958	10.1	
402.35085	537494	142579	8.0	
403.01890	1080826	156446	18.1	
403.04864	3525116	156481	63.3	
403.74871	371234	138962	4.9	
404.05649	24623154	153314	453.8	
404.53049	415852	183017	5.7	
405.04687	2987624	134185	53.0	
405.06430	306681952	151609	5634.0	
405.40792	2981244	155035	52.9	
405.50507	621377	158139	9.5	
405.73898	889934	119294	14.4	
405.74231	834382	122976	13.4	
406.05241	2444703	145486	43.0	
406.06443	4896416	338491	88.1	
406.06765	36735136	151568	673.2	
407.06011	30619862	151785	560.8	
407.06859	7027927	149521	127.2	
407.07986	2844375	153672	50.3	
408.06345	3323661	151181	59.2	
408.07201	927117	160415	15.1	
408.97520	386366	169848	5.2	
409.05579	545283	143233	8.1	
409.06442	470595	169344	6.7	
409.36336	372692	183320	4.9	
409.40943	452054	182768	6.4	
409.54954	1520478	156927	26.0	
410.05079	438297	159856	6.1	
410.55727	374293	156551	5.0	
411.50501	24641994	151107	450.9	
412.00670	5967845	156783	107.7	
412.50288	3386624	148140	60.3	
412.50669	1038080	170399	17.1	
412.50947	480384	256892	6.9	
412.51274	1695489	150307	29.2	
413.00484	970908	161729	15.9	
413.01488	374940	182277	5.0	
413.02684	636893	131849	9.8	
414.03480	3246164	151131	57.7	
415.01878	3346315	149915	59.6	
415.03925	571276	289719	8.6	
415.04259	4121228	152655	73.8	
415.42330	402961	115821	5.5	
415.47248	364067	145757	4.8	
415.99624	455168	148478	6.4	
416.02217	497250	166174	7.2	
416.03136	417730	200373	5.7	
416.05042	41159364	149213	754.5	
417.05376	5112571	146320	92.0	
418.04615	2088882	147416	36.5	
418.05462	1226418	164527	20.6	
418.05758	510066	232784	7.4	
418.55500	388398	134889	5.2	
418.56778	386574	139516	5.2	
420.02144	666207	167829	10.3	
420.05136	1403297	150657	23.9	
421.03547	530327	138226	7.8	
421.05919	1549145	152343	26.3	
421.27680	358453	128783	4.6	
422.06350	375840	144191	4.9	
422.06691	1006864	149402	16.4	
422.06985	360865	158872	4.7	
423.07486	6508105	149505	116.8	
423.39006	427194	182865	5.9	
424.07816	918464	156424	14.8	
424.47812	4458647	150379	79.4	
424.97997	953138	171447	15.5	
425.07077	868023	160393	13.9	
425.47584	772430	164722	12.2	
426.51042	524168	114445	7.6	
427.39011	427097	158067	5.9	
427.51819	563904	166992	8.4	
428.06181	1792094	147421	30.8	
428.39620	1083505	155925	17.8	
428.72643	457315	148444	6.4	
429.99845	397274	110655	5.3	
430.02981	1122124	147101	18.5	
431.03757	1636100	141724	27.9	
431.72581	19990058	143845	362.8	
432.04534	76054080	143476	1385.6	
432.06013	8670781	148351	156.3	
432.39092	4178000	122526	74.3	
432.39421	2309392	126928	40.2	
432.39775	687312	317876	10.6	
432.39977	452688	165189	6.3	
432.72134	1041122	130882	17.1	
432.72543	1530979	131209	26.0	
432.73236	443523	115797	6.2	
432.76018	371493	144194	4.8	
433.04871	9533045	141754	172.0	
433.38661	447832	110672	6.2	
433.38950	378664	118757	5.0	
433.48345	2427789	142565	42.4	
433.56002	779089	147155	12.3	
433.98493	685097	133234	10.6	
434.00673	769450	151115	12.1	
434.04116	3548332	144436	62.8	
434.04645	461228	305467	6.5	
434.04949	2126509	153172	36.9	
434.05287	605677	156603	9.1	
434.06101	2076333	150850	35.9	
434.48166	446693	149533	6.2	
434.52263	492807	160049	7.1	
435.04423	394820	148242	5.3	
435.51557	2136319	148284	37.0	
435.53057	1863423	151756	32.1	
436.01708	479835	132283	6.8	
436.03274	391339	116824	5.2	
436.04618	723228	153151	11.3	
436.06178	2933277	146695	51.6	
436.39605	1262768	157731	21.1	
436.72685	558402	102597	8.2	
437.51442	526190	169958	7.7	
438.01818	512586	161518	7.4	
438.06183	1421837	141653	24.0	
438.51018	538790	178686	7.8	
438.68738	393264	138528	5.2	
439.13893	595785	156173	8.9	
439.51825	781086	157881	12.2	
440.06405	2316029	139724	40.0	
440.56541	637529	195685	9.6	
440.56849	540569	188479	7.9	
441.01476	1503666	143215	25.3	
441.01848	460914	237820	6.4	
441.02652	3410226	145079	59.8	
441.03020	378099	311654	4.9	
441.06182	456660	146225	6.3	
441.51651	502126	135530	7.2	
441.52745	643406	313805	9.7	
441.53075	2346575	161349	40.5	
441.55299	373648	109593	4.8	
442.01282	575465	142626	8.5	
442.02471	676778	151694	10.3	
442.03257	760490	157935	11.8	
442.30824	428410	140727	5.8	
442.52818	537094	179720	7.8	
443.17876	366186	165714	4.7	
447.02355	3043713	143036	53.2	
447.51559	3017116	144279	52.7	
447.52508	602460	163473	9.0	
448.01679	780216	142238	12.2	
448.02218	364664	235267	4.7	
448.03994	571577	165899	8.4	
448.19297	402785	117349	5.4	
448.52339	10777044	140486	193.2	
448.99400	2280942	143708	39.4	
449.02519	2793456	147022	48.6	
449.52124	1809291	118702	30.8	
449.52811	3089676	149570	54.0	
450.00221	396614	155037	5.2	
450.02333	412503	104057	5.5	
450.02954	891815	171602	14.2	
450.53576	9540163	139435	170.8	
451.03760	2170719	151826	37.4	
451.06978	24001120	137767	432.5	
451.48348	446136	175371	6.1	
451.53371	1870970	133607	31.9	
451.53807	554747	204908	8.1	
452.03525	363830	180664	4.6	
452.07308	3208088	133984	56.1	
452.07838	480857	191129	6.8	
452.49120	5999792	135690	106.7	
452.99302	1691723	148222	28.7	
453.06553	2376655	140286	41.1	
453.07377	637904	146164	9.6	
453.48898	1448678	123177	24.3	
453.49326	613543	125298	9.2	
454.98054	652025	155543	9.9	
455.02111	1809083	142418	30.8	
455.51329	399766	179595	5.3	
455.52264	693014	150564	10.6	
456.00693	454513	95619	6.3	
456.02883	39023476	136707	704.5	
456.53059	10042254	141318	179.8	
457.02670	5890473	124257	104.7	
457.03124	2285353	138160	39.4	
457.52829	1214533	120875	19.9	
457.53233	592709	112219	8.7	
458.02876	413440	143601	5.5	
458.06169	421474	155679	5.6	
458.07906	554211	151106	8.0	
458.37797	1357427	153399	22.4	
458.38183	417651	180211	5.6	
458.53373	466747	168686	6.4	
458.59483	700095	143312	10.6	
458.71252	524421	142263	7.5	
458.99144	401333	171506	5.3	
459.54135	897075	138367	14.2	
460.04299	373326	176464	4.8	
460.53894	385385	149291	5.0	
460.99257	1920130	140490	32.5	
461.49388	536669	174936	7.7	
462.83970	361062	137614	4.5	
463.37937	369283	171776	4.7	
464.02630	753766	142374	11.6	
464.07730	386441	178999	5.0	
465.08548	643359	131470	9.6	
465.99661	378512	158691	4.9	
466.56600	459503	141761	6.3	
466.59242	945008	129488	15.0	
467.09444	442443	144581	6.0	
469.08028	492406	154783	6.9	
470.29149	381814	141033	4.9	
471.15869	386820	108838	5.0	
471.95313	383438	141465	4.9	
472.39908	384102	98456	5.0	
472.80865	383196	154854	4.9	
473.14497	430765	128217	5.8	
473.53852	12584738	131774	223.9	
474.03635	502716	354154	7.1	
474.04029	2978876	146073	51.5	
474.04428	399421	371840	5.2	
474.53645	2308951	127221	39.5	
474.54197	864663	116056	13.6	
475.03800	631345	144883	9.4	
475.49400	952329	146016	15.1	
475.57051	677325	145303	10.2	
475.99568	419619	171238	5.6	
476.98887	2022103	129414	34.3	
477.08504	605788	131573	8.9	
477.15970	373151	121056	4.8	
477.49280	4988913	132030	87.6	
477.99057	457099	244975	6.2	
477.99364	712715	301659	10.7	
477.99721	2033419	160683	34.2	
478.49055	1050405	132918	16.8	
478.98032	526366	131721	7.4	
480.04268	841909	143979	13.0	
480.90862	366881	151951	4.6	
481.50905	485824	154895	6.7	
481.71251	375674	106405	4.7	
484.06747	2789186	129623	47.7	
484.48263	381655	160645	4.9	
485.02102	445810	145705	6.0	
485.07063	381621	134027	4.8	
485.53852	2744205	130223	46.9	
486.02936	482021	147269	6.6	
486.04019	946854	135193	14.9	
486.53647	651135	101500	9.6	
487.00197	2770902	136094	47.3	
487.49378	1480814	136948	24.4	
487.49803	412399	271909	5.4	
487.50252	586415	156675	8.5	
487.50693	400559	185833	5.2	
487.64210	366454	154832	4.6	
487.99577	545927	123307	7.8	
488.00268	369976	94785	4.6	
488.50179	15182368	127720	268.1	
489.00361	3846714	131966	66.5	
489.00767	443066	254433	5.9	
489.26757	384806	100722	4.9	
489.49968	3372882	114377	58.0	
489.50772	456514	114912	6.2	
490.00228	431467	142373	5.7	
490.51424	3942532	129356	68.2	
491.01585	1036701	150815	16.5	
491.51201	758133	131544	11.5	
491.51727	410037	109972	5.3	
491.52262	413333	137683	5.4	
493.29953	364588	142361	4.5	
493.53609	1596311	133604	26.4	
493.99152	1661357	130167	27.6	
494.03719	423920	184689	5.6	
494.37348	373440	117234	4.7	
494.53350	494344	138936	6.8	
494.73408	369041	127237	4.6	
494.99943	21439326	125969	379.3	
495.02987	859231	137716	13.3	
495.09595	381859	174622	4.8	
495.50080	368950	200682	4.6	
495.55156	744760	120398	11.3	
496.00724	75770768	124469	1345.6	
496.03726	8286096	124788	145.4	
496.50468	2106278	218468	35.5	
496.50908	18365350	128947	324.7	
496.53920	2251432	134548	38.1	
496.99518	1896253	103669	31.8	
497.00514	14206910	109041	250.7	
497.03499	2028991	116263	34.1	
497.13059	368564	111968	4.6	
497.50245	524245	262997	7.4	
497.50694	3250646	116297	55.9	
497.51146	1269270	114403	20.6	
497.53694	439703	155826	5.9	
497.56559	6141401	126907	107.3	
497.57013	646617	293189	9.6	
498.00272	1374061	104606	22.5	
498.02276	421038	112774	5.5	
498.05761	15768560	124459	278.5	
498.06217	1360880	262716	22.3	
498.06685	1401008	107274	23.0	
498.51182	1251077	130963	20.3	
498.55938	4711943	123442	81.9	
498.56485	616408	94687	9.0	
498.57346	2257416	112454	38.2	
499.05537	2263711	90902	38.3	
499.06692	438175	150438	5.8	
499.07509	644447	135420	9.5	
499.51950	1852468	121278	31.0	
499.53598	866485	141951	13.5	
499.55717	785206	117057	12.0	
499.57009	437527	106426	5.8	
500.02113	427532	174235	5.7	
500.07941	418830	133684	5.5	
500.51734	536099	136707	7.6	
501.04768	1064316	142235	16.9	
501.08501	477885	140215	6.5	
502.04594	370314	133881	4.6	
502.54139	1605696	133777	26.4	
503.03169	1650263	105216	27.2	
503.04313	374199	152744	4.7	
503.85311	394460	126992	5.0	
504.06643	2485254	129628	42.0	
504.55502	734812	125920	11.0	
506.57087	30772600	122260	542.1	
507.07264	9142669	126545	159.7	
507.56875	4493732	91047	77.5	
507.57324	2927012	85975	49.8	
508.07034	1223738	103809	19.7	
508.07475	670266	92590	9.9	
510.55715	1251111	123783	20.2	
511.05945	396157	140866	5.1	
511.55450	366002	166948	4.5	
511.75843	417595	112000	5.4	
512.00219	5666917	121642	98.2	
513.00560	674192	127821	10.0	
513.51694	5841062	125006	101.3	
514.01797	6234811	118002	108.3	
514.05081	1148349	130613	18.4	
514.51491	1568464	118717	25.8	
515.02155	702053	132185	10.5	
515.54908	9775867	121495	170.9	
516.01403	531407	122674	7.4	
516.04390	371216	221366	4.6	
516.05077	2554896	132228	43.2	
516.05507	396624	228616	5.1	
516.06749	472561	103770	6.4	
516.54695	2240037	112101	37.7	
517.04789	413785	142838	5.4	
517.39399	387128	83725	4.9	
517.59241	379008	81069	4.7	
519.09600	2198925	120286	36.9	
519.14983	458191	118813	6.1	
520.02079	437618	152508	5.8	
520.10258	526518	83649	7.4	
520.52499	486535	139738	6.6	
521.02674	366299	125212	4.5	
521.04324	401347	68068	5.1	
521.52204	405198	128869	5.2	
522.06484	371812	134767	4.6	
523.09393	364012	127615	4.5	
524.16909	379094	110155	4.7	
524.55433	4923493	119572	85.1	
524.88050	364049	97847	4.5	
525.05622	1420024	118873	23.1	
525.55221	1030539	120860	16.3	
531.02645	789976	118304	11.9	
531.54372	411947	153775	5.3	
531.56571	381276	88843	4.8	
532.03449	812989	105725	12.3	
532.07422	496351	114932	6.8	
532.87660	394428	109679	5.0	
534.52195	469271	120280	6.3	
535.09093	1105900	127019	17.5	
536.46474	374429	138004	4.6	
537.10659	7618100	117919	132.1	
537.54398	13791811	115641	240.7	
538.03602	29684308	115039	520.2	
538.04138	2725460	222745	46.0	
538.04482	3111509	94319	52.8	
538.10990	1545687	121800	25.2	
538.53775	9227878	116248	160.4	
538.54306	2540902	110935	42.7	
538.55216	2722918	101758	45.9	
539.03382	6227063	95856	107.6	
539.05408	668984	115253	9.8	
539.10255	833722	125744	12.7	
539.53572	1772169	110521	29.2	
539.54950	538665	106975	7.5	
540.03603	496602	126616	6.8	
540.57611	427469	120055	5.6	
542.51975	3464944	119206	59.0	
542.52504	455536	238010	6.1	
542.56501	406370	103232	5.2	
543.02151	934017	116250	14.5	
543.51803	721426	116263	10.7	
543.52109	654994	99122	9.6	
543.64633	372183	95390	4.6	
544.85180	379200	137221	4.7	
545.04187	514886	133618	7.1	
546.54927	61109112	113941	1073.0	
547.05109	20401034	115743	356.9	
547.54703	13150107	104545	229.4	
547.55161	6518172	96166	112.7	
548.04373	587564	161786	8.4	
548.04887	3688364	119930	62.9	
548.05378	1272236	126742	20.4	
548.54444	404989	137790	5.2	
548.54941	586429	109284	8.4	
548.55684	374973	165175	4.6	
549.04705	436494	146944	5.7	
550.51763	381887	150420	4.8	
550.53532	1636864	121661	26.8	
551.53291	373249	143381	4.6	
552.09414	692020	126641	10.2	
553.10149	2353237	120422	39.4	
554.04208	429908	103852	5.6	
555.52748	950822	127430	14.7	
556.05996	487447	114304	6.6	
562.07195	4281726	111929	72.9	
563.07536	658911	124085	9.6	
563.08662	597760	99610	8.5	
564.02394	945855	102078	14.6	
564.06689	504800	114609	6.9	
564.53281	801487	131045	12.1	
567.63051	473014	103959	6.3	
569.57813	375927	79531	4.6	
572.99431	406634	107614	5.1	
573.06407	565357	107926	7.9	
574.07198	2983183	112927	50.2	
575.05275	1249200	112358	19.9	
575.07521	622129	118018	8.9	
578.01436	1282966	102296	20.5	
579.01303	372984	136523	4.6	
579.25891	379105	89383	4.7	
581.09637	3316993	109445	56.1	
582.09915	804516	108637	12.1	
584.02329	2062696	110267	33.8	
584.11193	366059	140119	4.4	
585.02691	420268	122414	5.3	
586.49102	821249	85052	12.3	
586.52769	117881024	105622	2038.7	
587.02947	38332628	105793	661.6	
587.52521	29391078	113425	506.8	
587.53093	14848231	111883	255.1	
588.02707	8528121	116481	145.7	
588.03292	3013369	177921	50.2	
588.52282	1836299	121244	29.8	
588.52828	2387467	124444	39.4	
588.53410	686859	197699	9.9	
588.62590	387471	114903	4.8	
589.02434	912541	140308	13.8	
589.02987	801438	169356	11.9	
590.06686	6556996	106845	111.6	
590.07328	626756	239344	8.9	
591.07014	1417065	118865	22.6	
591.07583	659690	175189	9.5	
592.07061	462735	120115	6.1	
592.08255	3412880	108325	57.1	
593.08605	715957	126392	10.4	
593.47428	408548	92146	5.1	
596.02298	378918	135575	4.6	
596.08372	587113	126220	8.2	
597.09137	6354512	105380	108.0	
597.97877	388499	109946	4.8	
598.09453	902519	115259	13.7	
599.08700	735711	108461	10.8	
599.10655	1226656	105937	19.3	
599.11287	368928	195702	4.4	
600.06080	498822	130862	6.7	
603.15240	366948	128067	4.4	
607.01558	1342951	109847	21.3	
607.61004	2689793	103091	44.6	
608.07743	17566740	102970	302.1	
608.11132	1578006	108919	25.3	
608.61299	636460	99799	9.0	
609.08088	3404865	108376	57.0	
609.08770	518081	265323	7.0	
609.32435	425211	88301	5.4	
610.07323	950060	95509	14.5	
610.08136	731501	85212	10.7	
611.98561	464450	119037	6.1	
612.56212	381916	109756	4.6	
612.63753	429919	106411	5.5	
614.86967	366806	68198	4.4	
617.06341	9320877	100905	159.4	
617.51210	386706	59980	4.7	
618.06703	1516637	109480	24.3	
619.05919	1461900	95418	23.0	
619.89296	382869	126941	4.6	
620.06163	393213	132111	4.8	
624.46096	371254	72112	4.4	
627.10203	2307228	100434	37.4	
628.10608	569039	119389	7.8	
635.90549	374022	104244	4.4	
642.02879	3077807	95093	50.6	
642.74133	403350	95501	4.9	
643.03255	671270	93565	9.5	
644.02353	510044	91037	6.7	
647.58855	1692126	100529	26.9	
647.84116	417772	81195	5.2	
648.08975	872122	87109	12.9	
652.33900	397923	107167	4.8	
654.02881	3401024	97758	56.1	
655.03127	430711	134709	5.4	
655.27333	391908	90953	4.7	
656.04448	747182	113520	10.8	
661.05338	5762753	94761	95.1	
662.05697	1164664	110239	17.7	
663.04932	826734	96064	12.0	
665.04654	382010	103822	4.5	
666.16562	386327	106052	4.5	
668.81410	392421	94825	4.6	
670.02397	4842150	94310	79.6	
671.02535	675164	157772	9.4	
671.03265	1573084	113424	24.5	
672.03967	6721810	95744	111.2	
672.04787	622354	237942	8.5	
673.03407	395142	113747	4.7	
673.04327	1308999	100643	20.1	
674.03598	702843	73987	9.9	
676.45195	383593	76918	4.5	
677.04837	5725208	93486	94.4	
678.05159	968268	111548	14.3	
679.04378	734335	88775	10.4	
679.05283	370096	84424	4.3	
679.06351	501120	101141	6.5	
685.35287	373501	129976	4.3	
688.03436	68791360	90521	1156.6	
688.69422	378639	72907	4.4	
689.03798	14150768	93220	236.3	
690.03010	7211167	71560	119.5	
690.03873	3403040	55547	55.3	
690.05022	4605600	66108	75.6	
691.03353	1409486	79466	21.8	
691.04238	627919	71608	8.6	
691.05310	943183	90497	13.9	
692.03519	395709	79452	4.7	
692.04723	643038	62179	8.8	
693.49296	433217	102625	5.3	
696.24671	461022	83724	5.8	
701.81214	386271	74046	4.5	
705.27536	384605	96940	4.4	
705.59754	387209	130159	4.5	
705.96683	374424	84096	4.3	
707.05885	5806979	89380	94.6	
708.06270	1353386	90268	20.5	
709.05459	499151	97602	6.3	
713.89136	386304	82353	4.4	
718.07462	481297	80797	6.0	
723.29912	382460	86100	4.4	
724.73989	392250	66578	4.5	
734.70835	459928	82960	5.7	
741.00757	393969	82861	4.6	
748.60328	376048	73718	4.3	
751.99646	7068949	83116	112.7	
752.23451	375484	61856	4.1	
752.99970	1454899	86633	21.6	
753.99193	1060690	91797	15.3	
755.03532	383793	112250	4.3	
759.71552	432116	53488	5.1	
762.70852	420869	94004	4.9	
766.55916	379302	92073	4.2	
767.35657	389249	80821	4.4	
767.99081	476503	97249	5.8	
770.00714	1787231	80650	27.0	
770.54800	380722	100315	4.2	
771.17712	395209	117136	4.5	
773.27533	383734	95158	4.3	
778.37431	424572	80680	4.9	
778.94669	389555	87241	4.4	
779.70671	400339	73164	4.5	
790.74146	376002	77143	4.1	
791.34661	378272	84116	4.2	
792.53723	375387	107214	4.1	
795.29828	382890	77826	4.2	
796.23056	377180	84914	4.1	
802.27276	375249	76347	4.1	
805.85200	461034	65252	5.5	
812.22247	401894	89101	4.4	
815.09734	633833	83165	8.0	
815.92423	428194	103215	4.8	
816.19402	397077	65556	4.3	
817.08125	377491	70393	4.0	
818.70196	439621	68133	5.0	
821.56123	445074	54676	5.0	
824.08035	482218	63269	5.6	
828.66553	382175	91332	4.0	
828.93003	407475	81086	4.4	
834.64735	395048	86444	4.2	
836.37045	413325	74712	4.5	
836.92825	401848	98101	4.3	
840.14987	393171	52544	4.2	
840.68552	386364	82602	4.1	
841.18287	465059	77720	5.3	
841.53953	450911	61206	5.1	
842.36001	394847	82590	4.2	
844.26446	383380	82696	4.0	
844.29680	409783	80370	4.5	
848.04811	433725	83268	4.8	
848.72753	390322	61313	4.2	
851.85718	391719	71959	4.2	
856.35957	413380	75518	4.5	
857.94511	397598	72398	4.3	
859.89305	453268	74587	5.1	
861.25148	411579	71300	4.5	
863.52491	403207	83550	4.3	
863.97496	456105	70664	5.2	
865.56166	384255	72930	4.0	
865.60617	385827	69924	4.1	
867.71901	381791	78214	4.0	
870.99945	388782	79920	4.1	
871.42752	396765	59825	4.2	
878.45017	391159	72900	4.0	
879.86300	401078	72766	4.1	
882.36368	412474	65141	4.3	
885.15587	523821	79067	6.0	
887.62490	427397	93946	4.5	
889.25373	406759	99306	4.2	
891.79220	398843	68441	4.1	
893.41308	390102	61569	3.9	
894.96647	405355	69283	4.2	
895.59962	460814	50234	5.0	
901.90608	471311	73979	5.2	
904.41153	413766	65111	4.3	
906.38572	386976	55503	3.9	
909.00041	391700	79635	4.0	
910.30391	401421	66708	4.1	
911.17438	414162	73659	4.3	
915.22811	409976	62622	4.2	
915.35439	414685	66197	4.3	
915.84586	402545	67299	4.1	
916.18105	811966	72874	10.3	
918.17835	388973	61267	3.9	
921.98972	402525	77614	4.1	
927.83603	403793	70460	4.1	
928.29248	394081	60102	4.0	
928.43375	388710	68953	3.9	
929.73418	443635	70710	4.7	
930.30039	384743	52373	3.8	
933.77271	421503	61073	4.4	
938.92844	425198	70065	4.4	
939.06080	403570	73365	4.1	
943.02523	411832	70734	4.2	
949.26133	465580	61023	5.1	
949.70233	406651	78715	4.2	
951.00549	416905	88502	4.3	
951.90071	389016	57310	3.9	
953.24802	396823	70751	4.0	
956.54869	411453	31429	4.0	
958.73833	494973	48828	5.2	
960.92248	414735	69622	4.1	
965.52593	399553	74909	3.9	
969.98973	441304	67533	4.5	
970.77757	458137	51238	4.7	
973.13615	441695	67239	4.5	
976.47580	386390	70377	3.7	
978.77775	391202	83749	3.7	
980.97134	466957	66625	4.8	
984.38045	387931	66278	3.7	
985.55828	385593	79877	3.6	
985.88825	415371	59275	4.1	
986.56350	437552	83290	4.4	
991.35547	401822	71866	3.9	
992.47724	404544	67954	3.9	
994.03913	422045	53059	4.2	
996.13985	657630	65126	7.6	
996.34478	405739	80413	3.9	
1001.26408	428293	59615	4.2	
1003.57826	423967	59356	4.2	
1006.89623	416833	68718	4.1	
1009.24650	391716	72008	3.7	
1010.24140	436619	59243	4.4	
1011.23944	393298	63668	3.7	
1013.08804	504342	56982	5.3	
1014.35647	394675	84495	3.7	
1018.80606	388219	64959	3.7	
1023.72449	509167	62724	5.4	
1023.77506	446963	54956	4.5	
1023.94763	437120	56148	4.3	
1026.05988	605475	57845	6.8	
1026.77674	410266	69959	4.0	
1027.44466	404046	70685	3.9	
1030.85982	412600	53852	4.0	
1036.44205	421264	54338	4.1	
1038.12729	486134	58557	5.0	
1039.88823	393186	71468	3.7	
1040.94577	419382	71264	4.1	
1043.19293	394249	65426	3.7	
1045.98715	396680	77765	3.7	
1049.78084	390902	75205	3.7	
1050.46591	391404	57753	3.7	
1052.06215	522507	50291	5.3	
1052.49191	392205	58386	3.5	
1055.90276	479386	64365	4.7	
1056.06722	446375	77711	4.2	
1058.13403	391241	71647	3.5	
1059.31299	393062	77644	3.5	
1059.75316	436712	64188	4.1	
1063.32041	404316	85151	3.7	
1063.80208	397826	59662	3.6	
1068.64200	489522	45937	4.8	
1069.73390	453652	36135	4.3	
1073.73190	416220	43268	3.8	
1073.78497	393136	65669	3.5	
1074.96184	459813	62221	4.4	
1076.67190	393857	63898	3.5	
1077.39742	422773	74875	3.9	
1079.77043	393373	76877	3.5	
1081.36760	401452	68730	3.6	
1082.16500	428708	49122	4.0	
1083.57129	426564	45197	3.9	
1084.85377	405627	82774	3.6	
1090.68707	393245	68763	3.5	
1093.77047	399619	51447	3.6	
1095.18265	400220	64856	3.6	
1098.55533	418670	58741	3.8	
1098.97384	486663	53152	4.7	
1100.18489	397393	38649	3.5	
1100.42696	406848	52342	3.7	
1104.78989	466469	46799	4.5	
1105.03877	408851	35554	3.7	
1109.78421	465223	70618	4.4	
1109.92990	395087	54888	3.5	
1110.46546	534510	42560	5.4	
1110.99490	458956	50401	4.4	
1113.16036	447686	62805	4.2	
1113.61433	419488	62542	3.8	
1114.39724	398283	63137	3.5	
1116.15509	412589	66413	3.7	
1121.17442	468607	63548	4.5	
1121.92812	405895	57239	3.6	
1122.39287	444864	55252	4.2	
1123.85990	408366	65537	3.7	
1124.30355	409638	71645	3.7	
1124.93868	395559	64261	3.5	
1125.17746	453012	53590	4.3	
1126.98901	398803	67433	3.5	
1129.22780	409352	65774	3.7	
1130.46150	399144	85945	3.5	
1132.34112	402969	42164	3.6	
1135.32859	395681	56471	3.5	
1138.47127	437728	54200	4.0	
1140.94633	438684	51144	4.1	
1142.88656	407772	77009	3.6	
1144.40421	472744	55257	4.5	
1145.65346	446757	64103	4.2	
1147.58563	420229	50070	3.8	
1150.11585	412129	54978	3.7	
1150.63106	432602	43068	4.0	
1151.36830	424446	53173	3.9	
1151.82602	419572	49568	3.8	
1153.68105	406559	41627	3.6	
1153.99223	417086	51186	3.8	
1156.22620	418475	67345	3.8	
1156.88817	450251	50656	4.2	
1157.41615	448805	50395	4.2	
1157.81320	430232	49201	3.9	
1157.97357	425024	46715	3.9	
1159.73269	441845	59267	4.1	
1161.36296	414180	80788	3.7	
1167.18752	397471	42702	3.2	
1168.19667	414672	36484	3.4	
1172.16307	434418	56784	3.7	
1174.49559	408356	68965	3.3	
1175.71844	418880	53661	3.5	
1177.91352	440652	69023	3.8	
1178.51518	490250	50734	4.4	
1182.61410	415541	52140	3.4	
1185.88740	473081	54679	4.2	
1186.26561	529260	47923	4.9	
1189.24956	402690	48303	3.3	
1190.15468	483376	58755	4.3	
1192.43014	424547	63784	3.5	
1193.87096	428925	37888	3.6	
1194.87911	398848	57898	3.2	
1195.05367	399465	30552	3.2	
1196.87318	415399	45561	3.4	
1197.36884	582752	55415	5.5	
1198.50050	402875	54622	3.3	
1200.92435	474713	56829	4.2	
1202.95632	406371	47231	3.3	
1203.12044	472075	68184	4.1	
1208.39581	413986	46194	3.4	
1208.42064	408867	42386	3.3	
1209.95818	401974	67358	3.2	
1210.99340	423565	39965	3.5	
1214.20565	465963	38509	4.1	
1214.26283	452062	60831	3.9	
1214.52760	444524	57630	3.8	
1215.00234	531318	32264	4.9	
1216.08930	456129	53548	3.9	
1217.34251	422726	56195	3.5	
1218.76158	473924	36014	4.1	
1221.26515	435487	70192	3.7	
1221.38501	418150	66918	3.4	
1222.96257	454782	64696	3.9	
1226.06437	484748	39069	4.3	
1227.25946	404464	41231	3.3	
1227.61826	406821	37755	3.3	
1231.99641	452385	49462	3.9	
1232.85818	410643	56296	3.3	
1235.03005	477874	39736	4.2	
1236.22580	475289	37798	4.2	
1239.66820	433765	48665	3.6	
1239.76032	470539	59703	4.1	
1240.88605	405646	61112	3.3	
1241.48233	457810	36787	3.9	
1245.94808	508451	45765	4.6	
1246.90502	433470	49853	3.6	
1247.75089	439250	48754	3.7	
1248.37972	495321	62688	4.4	
1248.55859	401380	63104	3.2	
1250.74401	494509	56172	4.4	
1252.60610	496099	61167	4.4	
1255.95860	431545	63538	3.6	
1260.18433	425004	46857	3.5	
1260.45638	407006	57515	3.3	
1261.31194	427350	39315	3.5	
1261.34718	451609	38137	3.8	
1265.85245	499462	56168	4.4	
1267.79858	450570	67686	3.8	
1268.41869	417908	74742	3.4	
1269.84097	409365	64780	3.3	
1270.08162	420262	50888	3.4	
1270.57937	474312	59662	4.1	
1271.71070	463191	69698	4.0	
1272.07243	446704	59212	3.8	
1275.43246	419482	61448	3.4	
1275.60409	467366	45680	4.0	
1276.30723	416920	60505	3.4	
1277.09703	456720	54840	3.9	
1277.96854	424781	53569	3.5	
1278.41947	443117	62563	3.7	
1278.50901	440564	52838	3.7	
1278.95054	416019	61989	3.4	
1279.47328	406808	39900	3.2	
1280.70639	535600	46003	4.9	
1282.25903	442655	36935	3.7	
1283.94352	445561	39737	3.7	
1284.64336	445483	47223	3.7	
1285.66713	463733	41995	4.0	
1287.15748	511201	34220	4.6	
1287.61286	413602	51940	3.3	
1290.01373	464561	57390	4.0	
1290.81371	407339	53230	3.2	
1290.96632	510903	32974	4.6	
1292.05705	412743	57742	3.3	
1294.31464	466028	41289	4.0	
1294.44218	468789	55261	4.0	
1294.85057	407475	56106	3.2	
1295.25213	430929	44166	3.5	
1296.68632	413530	56893	3.3	
1299.49341	433513	50429	3.6	
1299.62010	425075	54130	3.5	
1300.19861	422333	54948	3.4	
1301.05877	516765	53136	4.6	
1303.34434	415782	57034	3.3	
1304.43156	454614	61771	3.8	
1304.53925	467294	63594	4.0	
1305.50016	552021	27834	5.1	
1307.66740	419013	71006	3.4	
1312.59805	421168	51414	3.4	
1314.21187	419910	54693	3.4	
1314.94116	437212	51460	3.6	
1315.26302	445492	57694	3.7	
1315.84372	409822	56983	3.2	
1317.08675	509817	58901	4.5	
1317.50569	496343	52775	4.3	
1318.65427	434347	54093	3.5	
1322.02389	426400	46259	3.4	
1322.80854	425577	30331	3.4	
1323.16988	503155	59801	4.4	
1327.36397	426785	42742	3.4	
1329.18941	418979	39327	3.3	
1329.27333	479849	31247	4.1	
1330.49725	418879	56543	3.3	
1332.28348	430334	60011	3.5	
1334.36321	410863	52490	3.2	
1336.03069	411331	80687	3.2	
1339.25267	440353	50984	3.6	
1340.73231	442838	31627	3.6	
1341.97513	412763	56302	3.2	
1342.25131	464685	42435	3.9	
1342.59069	577156	53735	5.3	
1342.84844	416629	49921	3.3	
1343.21534	434542	51102	3.5	
1348.26976	484413	60511	4.1	
1351.12187	449846	44613	3.7	
1354.06752	441009	51783	3.6	
1364.03738	507918	52006	4.4	
1368.01999	440306	44263	3.6	
1370.35136	491508	49563	4.2	
1371.86334	413766	55729	3.2	
1372.04390	442640	63617	3.6	
1374.91075	428138	39336	3.4	
1375.67836	447634	52181	3.6	
1377.64967	410233	40519	3.2	
1378.83212	577141	31316	5.3	
1381.40707	533494	52669	4.7	
1383.46979	475867	62307	4.0	
1383.65189	459172	46903	3.8	
1384.24650	440768	48621	3.6	
1384.38966	421447	48621	3.3	
1384.44950	424970	42274	3.4	
1386.98996	422754	51021	3.3	
1389.51456	420662	56968	3.3	
1389.85974	411205	47028	3.2	
1392.22499	412494	41911	3.2	
1394.06560	412478	65347	3.2	
1394.82503	419166	57878	3.3	
1394.94396	432515	31128	3.4	
1397.42905	445130	57753	3.6	
1398.18650	454025	45108	3.7	
1400.38007	474944	57693	4.0	
1400.97676	418584	47261	3.3	
1401.06117	569883	45640	5.2	
1402.57149	440421	27699	3.5	
1405.65819	465384	46643	3.9	
1410.47260	417776	63361	3.3	
1412.74412	428763	36449	3.4	
1412.85881	423935	52433	3.3	
1421.03758	487538	47206	4.1	
1421.12577	435893	44767	3.5	
1421.40563	443197	43197	3.6	
1421.81922	453704	53710	3.7	
1421.98368	435436	50186	3.5	
1422.39356	437591	47261	3.5	
1422.72094	545120	45008	4.8	
1424.63840	469393	54109	3.9	
1428.79642	429429	52327	3.4	
1429.36959	442050	52071	3.6	
1430.27296	478806	42523	4.0	
1430.83628	534819	43918	4.7	
1432.09689	413821	56478	3.2	
1433.97833	439395	60564	3.5	
1435.31023	426429	58794	3.4	
1436.20649	429838	42397	3.4	
1441.37930	630756	42168	5.9	
1442.78691	420408	72304	3.3	
1444.23701	426348	46382	3.4	
1444.38545	428750	40606	3.4	
1447.44598	421620	47210	3.3	
1451.62771	419997	49846	3.3	
1451.74688	427038	43053	3.4	
1452.39673	423651	29154	3.3	
1452.54014	445477	50462	3.6	
1453.65201	502125	53240	4.3	
1457.86562	417030	55346	3.2	
1458.56739	440457	45615	3.5	
1461.74838	422677	45306	3.3	
1462.01946	469670	29893	3.9	
1464.00658	456730	60581	3.7	
1464.48495	499547	48235	4.3	
1467.78566	474334	45863	4.0	
1468.43000	433118	55355	3.4	
1469.29567	424798	56849	3.3	
1470.99878	438813	49434	3.5	
1471.77775	529149	29383	4.6	
1472.96152	423803	35563	3.3	
1473.04776	450523	47287	3.7	
1473.68309	501531	44368	4.3	
1473.77643	430042	61690	3.4	
1474.25448	438490	34522	3.5	
1478.17187	433491	42736	3.4	
1478.55573	422930	37235	3.3	
1478.58526	417362	56139	3.2	
1479.06986	427185	32837	3.4	
1479.67446	583119	43716	5.3	
1482.58627	468232	51961	3.9	
1484.52085	437059	59281	3.5	
1485.24239	550114	35706	4.9	
1487.77889	467195	55706	3.9	
1487.86597	417019	32492	3.2	
1488.09251	463675	40583	3.8	
1489.83632	582775	38556	5.3	
1490.33301	427862	47658	3.4	
1491.32116	448436	30412	3.6	
1493.96941	562639	29705	5.1	
1495.66483	486252	49828	4.1	
1497.49211	427563	37933	3.4	
